2 0.6296875 0.3000000000000001 0.5203125 0.3000000000000001 0.5203125 0.3687500000000001 0.6296875 0.3687500000000001
2 0.3000000000000001 0.44375 0.16875000000000004 0.44375 0.16875000000000004 0.49375 0.3000000000000001 0.49375
3 0.603125 0.3968750000000001 0.521875 0.3968750000000001 0.521875 0.5375 0.603125 0.5375
3 0.2656250000000001 0.51875 0.17968750000000006 0.51875 0.17968750000000006 0.6234375 0.2656250000000001 0.6234375
0 0.6703125 0.5359375 0.5984375 0.5359375 0.5984375 0.5796875 0.6703125 0.5796875
0 0.1687500000000001 0.61875 0.09375000000000007 0.61875 0.09375000000000008 0.66875 0.1687500000000001 0.66875
0 0.5234375 0.5109375 0.4703125 0.5109375 0.4703125 0.55 0.5234375 0.55
0 0.3078125000000001 0.640625 0.2484375000000001 0.640625 0.2484375000000001 0.684375 0.3078125000000001 0.684375
0 0.6734375 0.509375 0.4671875 0.509375 0.4671875 0.58125 0.6734375 0.58125
0 0.3109375000000001 0.615625 0.09218750000000006 0.615625 0.09218750000000007 0.6875 0.3109375000000001 0.6875
1 0.7750000000000001 0.2234375000000001 0.45 0.2234375000000001 0.45000000000000007 0.7890625000000001 0.7750000000000001 0.7890625000000002
1 0.35625000000000007 0.3625 0.06562500000000004 0.3625 0.06562500000000007 0.821875 0.35625000000000007 0.821875