2 0.3140625000000001 0.4703125 0.2375000000000001 0.4703125 0.2375000000000001 0.5046875 0.3140625000000001 0.5046875
2 0.53125 0.559375 0.4625 0.559375 0.4625 0.59375 0.53125 0.59375
3 0.3062500000000001 0.3734375 0.2500000000000001 0.3734375 0.2500000000000001 0.453125 0.3062500000000001 0.453125
3 0.521875 0.4640625 0.46875 0.4640625 0.46875 0.546875 0.521875 0.546875
0 0.25312500000000004 0.3484375 0.20625 0.3484375 0.20625000000000004 0.3765625 0.2531250000000001 0.3765625
0 0.34687500000000004 0.3515625 0.3046875 0.3515625 0.30468750000000006 0.3796875 0.3468750000000001 0.3796875
0 0.5515625 0.453125 0.51875 0.453125 0.51875 0.475 0.5515625 0.475
0 0.471875 0.4546875 0.440625 0.4546875 0.440625 0.475 0.471875 0.475
0 0.34843750000000007 0.3453125 0.203125 0.3453125 0.20312500000000006 0.38125 0.34843750000000007 0.38125
0 0.553125 0.45 0.4390625 0.45 0.4390625 0.4765625 0.553125 0.4765625
1 0.36250000000000004 0.2359375 0.18593750000000003 0.2359375 0.18593750000000006 0.5546875 0.3625000000000001 0.5546875
1 0.5796875 0.3234375000000001 0.4171875 0.3234375000000001 0.4171875 0.6390625 0.5796875 0.6390625