2 0.459375 0.19375000000000003 0.4328125 0.19375000000000003 0.4328125 0.2968750000000001 0.459375 0.2968750000000001
2 0.5109375 0.634375 0.4953125 0.634375 0.4953125 0.66875 0.5109375 0.66875
3 0.5171875 0.2093750000000001 0.4734375 0.2093750000000001 0.4734375 0.2890625000000001 0.5171875 0.2890625000000001
3 0.540625 0.6328125 0.515625 0.6328125 0.515625 0.665625 0.540625 0.665625
0 0.55625 0.16562500000000008 0.534375 0.16562500000000005 0.534375 0.21875000000000008 0.55625 0.21875000000000008
0 0.5515625 0.2906250000000001 0.5296875 0.2906250000000001 0.5296875 0.3218750000000001 0.5515625 0.3218750000000001
0 0.5578125 0.16406250000000006 0.5296875 0.16406250000000006 0.5296875 0.3234375000000001 0.5578125 0.3234375000000001
0 0.546875 0.609375 0.5359375 0.609375 0.5359375 0.634375 0.546875 0.634375
0 0.5484375 0.659375 0.5390625 0.659375 0.5390625 0.671875 0.5484375 0.671875
0 0.55 0.609375 0.534375 0.609375 0.534375 0.6765625 0.55 0.6765625
1 0.6015625 0.13906250000000006 0.4 0.13906250000000003 0.4 0.3296875000000001 0.6015625 0.3296875000000001
1 0.578125 0.59375 0.484375 0.59375 0.484375 0.69375 0.578125 0.69375