2 0.7890625 0.4750000000000002 0.728125 0.4750000000000002 0.728125 0.5203125000000002 0.7890625 0.5203125000000002
3 0.7921875 0.39531250000000007 0.7359375 0.39531250000000007 0.7359375 0.47187500000000016 0.7921875 0.47187500000000016
3 0.415625 0.4453125 0.4 0.4453125 0.4 0.475 0.415625 0.475
0 0.8421875 0.3765625000000001 0.7953125 0.3765625000000001 0.7953125 0.40625000000000017 0.8421875 0.40625000000000017
0 0.7484375 0.3734375000000001 0.709375 0.3734375000000001 0.709375 0.4000000000000001 0.7484375 0.4000000000000002
0 0.84375 0.3703125000000001 0.7078125 0.3703125000000001 0.7078125 0.4078125000000001 0.84375 0.4078125000000002
0 0.7890625 0.1359375000000001 0.7734375 0.1359375000000001 0.7734375 0.1453125000000001 0.7890625 0.1453125000000001
0 0.8125 0.13437500000000008 0.8 0.13437500000000008 0.8 0.1453125000000001 0.8125 0.1453125000000001
1 0.865625 0.2468750000000001 0.6921875 0.2468750000000001 0.6921875 0.5750000000000001 0.865625 0.5750000000000002
1 0.4546875 0.415625 0.3984375000000001 0.415625 0.3984375000000001 0.509375 0.4546875 0.509375
1 0.8171875 0.10468750000000009 0.7703125 0.10468750000000009 0.7703125 0.17968750000000008 0.8171875 0.17968750000000008