1 0.459375 0.12656250000000005 0.31875 0.12656250000000005 0.31875 0.23593750000000005 0.459375 0.23593750000000008
2 0.5437500000000001 0.7015625 0.503125 0.7015625 0.503125 0.7796875 0.5437500000000002 0.7796875
2 0.3734375 0.13906250000000003 0.3453125 0.13906250000000003 0.3453125 0.18281250000000004 0.3734375 0.18281250000000004
2 0.5078125 0.5265625 0.4859375 0.5265625 0.4859375 0.5609375 0.5078125 0.5609375
2 0.528125 0.3218750000000001 0.509375 0.3218750000000001 0.509375 0.3515625000000001 0.528125 0.3515625000000001
3 0.6328125000000001 0.7078125 0.553125 0.7078125 0.5531250000000001 0.7640625 0.6328125000000002 0.7640625
3 0.421875 0.15312500000000004 0.371875 0.15312500000000004 0.371875 0.18750000000000006 0.421875 0.18750000000000006
3 0.5546875 0.525 0.5140625 0.525 0.5140625 0.5515625 0.5546875 0.5515625
3 0.565625 0.3281250000000001 0.528125 0.3281250000000001 0.528125 0.3500000000000001 0.565625 0.3500000000000001
0 0.6593750000000002 0.75625 0.6343750000000001 0.75625 0.6343750000000001 0.8 0.6593750000000002 0.8
0 0.6484375 0.6765625 0.6296875 0.6765625 0.6296875 0.7140625 0.6484375 0.7140625
0 0.559375 0.5046875 0.54375 0.5046875 0.54375 0.521875 0.559375 0.521875
0 0.4421875 0.14843750000000006 0.4234375 0.14843750000000006 0.4234375 0.16718750000000004 0.4421875 0.16718750000000004
0 0.5703125 0.5421875 0.5546875 0.5421875 0.5546875 0.5578125 0.5703125 0.5578125
0 0.4171875 0.19218750000000004 0.4 0.19218750000000004 0.4 0.21875000000000008 0.4171875 0.21875000000000008
0 0.565625 0.3515625000000001 0.553125 0.3515625000000001 0.553125 0.3703125000000001 0.565625 0.3703125000000001
0 0.5734375 0.3187500000000001 0.5609375 0.3187500000000001 0.5609375 0.33281250000000007 0.5734375 0.33281250000000007
0 0.6609375000000001 0.675 0.6265625 0.675 0.6265625000000001 0.803125 0.6609375000000002 0.803125
1 0.603125 0.4984375 0.4625 0.4984375 0.4625 0.56875 0.603125 0.56875
1 0.59375 0.3109375000000001 0.484375 0.3109375000000001 0.484375 0.3812500000000001 0.59375 0.3812500000000001
1 0.7703125000000001 0.659375 0.45625 0.659375 0.4562500000000001 0.8421875 0.7703125000000002 0.8421875