2 0.49375 0.14218750000000005 0.465625 0.14218750000000005 0.465625 0.31718750000000007 0.49375 0.31718750000000007
2 0.4125 0.5171875 0.38750000000000007 0.5171875 0.38750000000000007 0.615625 0.4125 0.615625
3 0.4546875 0.17500000000000004 0.3765625 0.17500000000000004 0.3765625 0.3031250000000001 0.4546875 0.3031250000000001
3 0.3781250000000001 0.5328125 0.3140625000000001 0.5328125 0.3140625000000001 0.61875 0.3781250000000001 0.61875
0 0.3796875 0.06718750000000004 0.3484375 0.06718750000000004 0.3484375 0.18593750000000003 0.3796875 0.18593750000000003
0 0.384375 0.29687500000000006 0.35625 0.296875 0.35625000000000007 0.39375000000000004 0.3843750000000001 0.3937500000000001
0 0.33281250000000007 0.625 0.3140625000000001 0.625 0.3140625000000001 0.690625 0.33281250000000007 0.690625
0 0.31718750000000007 0.4875 0.2968750000000001 0.4875 0.2968750000000001 0.5578125 0.31718750000000007 0.5578125
0 0.38593750000000004 0.06406250000000005 0.3484375 0.06406250000000005 0.34843750000000007 0.39531250000000007 0.3859375000000001 0.39531250000000007
0 0.3343750000000001 0.484375 0.2953125000000001 0.484375 0.2953125000000001 0.6921875 0.3343750000000001 0.6921875
1 0.54375 0.0031250000000000466 0.2125 0.003125000000000026 0.21250000000000005 0.425 0.54375 0.425
1 0.453125 0.4546875 0.22812500000000008 0.4546875 0.22812500000000008 0.7078125 0.453125 0.7078125