1 0.9984375 0.0750000000000001 0.634375 0.07500000000000007 0.634375 0.55 0.9984375 0.5500000000000002
2 0.9296875 0.4265625000000002 0.728125 0.4265625000000002 0.728125 0.4906250000000002 0.9296875 0.4906250000000002
2 0.265625 0.2609375 0.12500000000000006 0.2609375 0.12500000000000006 0.2875 0.265625 0.2875
3 0.9 0.2953125000000001 0.7625 0.2953125000000001 0.7625 0.4125000000000002 0.9 0.4125000000000002
0 0.76875 0.2687500000000001 0.684375 0.2687500000000001 0.684375 0.3062500000000001 0.76875 0.3062500000000001
0 0.9984375 0.2578125000000001 0.9046875 0.2578125000000001 0.9046875 0.3046875000000001 0.9984375 0.3046875000000001
0 0.303125 0.16562500000000005 0.2609375 0.16562500000000005 0.2609375 0.18750000000000006 0.303125 0.18750000000000006
0 0.1625 0.1453125 0.1203125 0.1453125 0.1203125 0.1671875 0.1625 0.1671875
0 0.9984375 0.2562500000000001 0.6765625 0.2562500000000001 0.6765625 0.30937500000000007 0.9984375 0.30937500000000007
0 0.575 0.1375000000000001 0.553125 0.1375000000000001 0.553125 0.15625000000000008 0.575 0.15625000000000008
1 0.3609375 0.04687500000000003 0.0640625 0.046875000000000014 0.06406250000000002 0.35 0.3609375 0.35
3 0.2359375 0.16875 0.153125 0.16875 0.153125 0.24375 0.2359375 0.24375