2 0.3109375 0.26875 0.2375 0.26875 0.2375 0.2984375 0.3109375 0.2984375
2 0.8953125 0.2515625000000001 0.8125 0.2515625000000001 0.8125 0.30937500000000007 0.8953125 0.30937500000000007
3 0.3 0.18281250000000004 0.2484375 0.18281250000000004 0.2484375 0.25625 0.3 0.25625
3 0.8921875 0.1750000000000001 0.8265625 0.1750000000000001 0.8265625 0.2375000000000001 0.8921875 0.2375000000000001
0 0.9546875 0.10781250000000012 0.896875 0.10781250000000009 0.896875 0.1437500000000001 0.9546875 0.14375000000000013
0 0.8359375 0.1218750000000001 0.7953125 0.1218750000000001 0.7953125 0.1546875000000001 0.8359375 0.1546875000000001
0 0.3375 0.17343750000000005 0.3 0.17343750000000005 0.3 0.19531250000000006 0.3375 0.19531250000000006
0 0.2546875 0.15468750000000003 0.228125 0.15468750000000003 0.228125 0.17812500000000003 0.2546875 0.17812500000000003
0 0.3421875 0.15312500000000004 0.2265625 0.15312500000000004 0.2265625 0.19843750000000004 0.3421875 0.19843750000000004
0 0.95625 0.10468750000000011 0.79375 0.10468750000000009 0.79375 0.1562500000000001 0.95625 0.15625000000000014
1 0.371875 0.07031250000000003 0.1984375 0.07031250000000003 0.19843750000000002 0.34375000000000006 0.371875 0.3437500000000001
1 0.9875 0.00781250000000011 0.7859375 0.007812500000000097 0.7859375 0.3671875000000001 0.9875 0.3671875000000001