1 0.471875 0.3453125 0.2359375 0.3453125 0.23593750000000005 0.5609375 0.471875 0.5609375
1 0.7953125 0.4218750000000001 0.58125 0.421875 0.58125 0.6390625000000001 0.7953125 0.6390625000000002
2 0.725 0.571875 0.6515625 0.571875 0.6515625 0.6015625 0.725 0.6015625
2 0.3984375000000001 0.5015625 0.3140625000000001 0.5015625 0.3140625000000001 0.534375 0.3984375000000001 0.534375
3 0.403125 0.4390625 0.34062500000000007 0.4390625 0.34062500000000007 0.4984375 0.403125 0.4984375
3 0.721875 0.509375 0.6625 0.509375 0.6625 0.5609375 0.721875 0.5609375
0 0.6671875 0.5046875 0.615625 0.5046875 0.615625 0.51875 0.6671875 0.51875
0 0.765625 0.5046875000000001 0.715625 0.5046875 0.715625 0.51875 0.765625 0.5187500000000002
0 0.3546875000000001 0.428125 0.30156250000000007 0.428125 0.30156250000000007 0.446875 0.3546875000000001 0.446875
0 0.4484375 0.44375 0.40625 0.44375 0.40625 0.4578125 0.4484375 0.4578125
0 0.45 0.4265625 0.2968750000000001 0.4265625 0.2968750000000001 0.459375 0.45 0.459375
0 0.7671875 0.503125 0.6125 0.503125 0.6125 0.51875 0.7671875 0.5187500000000002