1 0.4515625 0.11718750000000004 0.3296875 0.11718750000000004 0.3296875 0.2671875 0.4515625 0.2671875000000001
2 0.07812500000000008 0.590625 0.05937500000000007 0.590625 0.05937500000000008 0.65625 0.07812500000000008 0.65625
2 0.171875 0.1 0.159375 0.1 0.159375 0.1609375 0.171875 0.1609375
2 0.10937500000000008 0.81875 0.0875000000000001 0.81875 0.0875000000000001 0.896875 0.10937500000000008 0.896875
2 0.19218750000000004 0.2984375 0.17343750000000005 0.2984375 0.17343750000000005 0.371875 0.19218750000000004 0.371875
2 0.7578125 0.36406250000000007 0.7421875 0.36406250000000007 0.7421875 0.42187500000000017 0.7578125 0.42187500000000017
2 0.5328125 0.2531250000000001 0.5171875 0.2531250000000001 0.5171875 0.3343750000000001 0.5328125 0.3343750000000001
2 0.6000000000000002 0.75 0.5828125000000002 0.75 0.5828125000000002 0.8234375 0.6000000000000002 0.8234375
2 0.3609375000000001 0.64375 0.3437500000000001 0.64375 0.3437500000000001 0.690625 0.3609375000000001 0.690625
2 0.36406250000000007 0.403125 0.3421875000000001 0.403125 0.3421875000000001 0.45625 0.36406250000000007 0.45625
2 0.553125 0.06875000000000006 0.5359375 0.06875000000000006 0.5359375 0.13437500000000008 0.553125 0.13437500000000008
2 0.596875 0.578125 0.5828125 0.578125 0.5828125 0.6390625 0.596875 0.6390625
2 0.3656250000000001 0.85625 0.3500000000000001 0.85625 0.3500000000000001 0.9109375 0.3656250000000001 0.9109375
2 0.7765625000000002 0.8265625 0.7609375000000002 0.8265625 0.7609375000000002 0.8828125 0.7765625000000002 0.8828125
2 0.78125 0.6703125000000002 0.765625 0.6703125000000002 0.765625 0.7093750000000002 0.78125 0.7093750000000002
2 0.7609375 0.1546875000000001 0.746875 0.1546875000000001 0.746875 0.2078125000000001 0.7609375 0.2078125000000001
2 0.3703125 0.17031250000000003 0.3546875 0.17031250000000003 0.3546875 0.22031250000000005 0.3703125 0.22031250000000008
3 0.640625 0.590625 0.6046875 0.590625 0.6046875 0.6375 0.640625 0.6375
3 0.584375 0.2593750000000001 0.5421875 0.2593750000000001 0.5421875 0.3156250000000001 0.584375 0.3156250000000001
3 0.6484375000000002 0.7515625 0.6078125000000002 0.7515625 0.6078125000000002 0.8 0.6484375000000002 0.8
3 0.8234375 0.8296875 0.7859375000000002 0.8296875 0.7859375000000002 0.8734375 0.8234375 0.8734375
3 0.5984375 0.08437500000000006 0.5609375 0.08437500000000006 0.5609375 0.13437500000000008 0.5984375 0.13437500000000008
3 0.12656250000000008 0.5984375 0.08593750000000007 0.5984375 0.08593750000000008 0.65 0.12656250000000008 0.65
3 0.7984375 0.3609375000000001 0.7640625 0.3609375000000001 0.7640625 0.4000000000000002 0.7984375 0.4000000000000002
3 0.8140625 0.6796875000000002 0.784375 0.6796875000000002 0.784375 0.7140625000000002 0.8140625 0.7140625000000002
3 0.2390625 0.2984375 0.19843750000000004 0.2984375 0.19843750000000004 0.3484375 0.2390625 0.3484375
3 0.4015625 0.6578125 0.3687500000000001 0.6578125 0.3687500000000001 0.69375 0.4015625 0.69375
3 0.1625000000000001 0.8171875 0.11562500000000009 0.8171875 0.11562500000000009 0.871875 0.1625000000000001 0.871875
3 0.215625 0.10625000000000002 0.18125 0.10625 0.18125 0.153125 0.215625 0.15312500000000004
3 0.7953125 0.17343750000000008 0.7640625 0.17343750000000008 0.7640625 0.2078125000000001 0.7953125 0.2078125000000001
3 0.3984375000000001 0.38593750000000004 0.3625000000000001 0.3859375 0.3625000000000001 0.4265625 0.3984375000000001 0.4265625
3 0.4046875000000002 0.853125 0.3734375000000001 0.853125 0.3734375000000001 0.890625 0.4046875000000002 0.890625
0 0.6046875 0.1375000000000001 0.5921875 0.1375000000000001 0.5921875 0.17187500000000008 0.6046875 0.17187500000000008
0 0.1671875000000001 0.778125 0.1546875000000001 0.778125 0.1546875000000001 0.8171875 0.1671875000000001 0.8171875
0 0.609375 0.05468750000000007 0.596875 0.05468750000000007 0.596875 0.09218750000000006 0.609375 0.09218750000000006
0 0.65 0.5609375 0.6375 0.5609375 0.6375 0.5953125 0.65 0.5953125
0 0.796875 0.2156250000000001 0.784375 0.2156250000000001 0.784375 0.24375000000000008 0.796875 0.24375000000000008
0 0.1375000000000001 0.646875 0.12343750000000009 0.646875 0.12343750000000009 0.6828125 0.1375000000000001 0.6828125
0 0.59375 0.3156250000000001 0.58125 0.3156250000000001 0.58125 0.3578125000000001 0.59375 0.3578125000000001
0 0.646875 0.6375 0.634375 0.6375 0.634375 0.671875 0.646875 0.671875
0 0.13437500000000008 0.5609375 0.12031250000000009 0.5609375 0.12031250000000009 0.6 0.13437500000000008 0.6
0 0.1796875000000001 0.8671875 0.16562500000000008 0.8671875 0.1656250000000001 0.9125 0.17968750000000014 0.9125
0 0.25312500000000004 0.34375 0.240625 0.34375 0.24062500000000003 0.3875 0.2531250000000001 0.3875
0 0.225 0.15000000000000005 0.2125 0.15000000000000005 0.2125 0.18437500000000004 0.225 0.18437500000000004
0 0.796875 0.3203125000000001 0.784375 0.3203125000000001 0.784375 0.3515625000000001 0.796875 0.3515625000000001
0 0.4109375 0.628125 0.4 0.628125 0.4 0.6578125 0.4109375 0.6578125
0 0.225 0.07656250000000002 0.2125 0.07656250000000002 0.2125 0.10937500000000004 0.225 0.10937500000000004
0 0.8078125 0.15000000000000008 0.7953125 0.15000000000000008 0.7953125 0.17968750000000008 0.8078125 0.17968750000000008
0 0.4046875000000002 0.8171875 0.3937500000000001 0.8171875 0.3937500000000001 0.8453125 0.4046875000000002 0.8453125
0 0.59375 0.2250000000000001 0.58125 0.2250000000000001 0.58125 0.2656250000000001 0.59375 0.2656250000000001
0 0.24375 0.2609375 0.23125 0.2609375 0.23125 0.2984375 0.24375 0.2984375
0 0.83125 0.8734375 0.81875 0.8734375 0.81875 0.9078125 0.83125 0.9078125
0 0.815625 0.7171875000000002 0.803125 0.7171875000000002 0.803125 0.7421875000000002 0.815625 0.7421875000000002
0 0.41875 0.409375 0.403125 0.409375 0.403125 0.4390625 0.41875 0.4390625
0 0.828125 0.6593750000000002 0.8171875 0.6593750000000002 0.8171875 0.6875000000000002 0.828125 0.6875000000000002
0 0.825 0.8 0.815625 0.8 0.815625 0.8296875 0.825 0.8296875
0 0.3921875 0.3453125000000001 0.3765625 0.3453125000000001 0.3765625 0.3734375000000001 0.3921875000000001 0.3734375000000001
0 0.403125 0.690625 0.3906250000000001 0.690625 0.3906250000000001 0.715625 0.403125 0.715625
0 0.6531250000000001 0.7234375 0.6421875 0.7234375 0.6421875000000001 0.7578125 0.6531250000000002 0.7578125
0 0.8125 0.3937500000000001 0.8 0.3937500000000001 0.8 0.4265625000000002 0.8125 0.4265625000000002
0 0.4187500000000002 0.8859375 0.40625000000000017 0.8859375 0.40625000000000017 0.91875 0.4187500000000002 0.91875
0 0.6593750000000002 0.8015625 0.6468750000000002 0.8015625 0.6468750000000002 0.8390625 0.6593750000000002 0.8390625
0 0.4125 0.17343750000000005 0.4 0.17343750000000005 0.4 0.20312500000000008 0.4125 0.20312500000000008
0 0.5953125 0.2218750000000001 0.5796875 0.2218750000000001 0.5796875 0.3625000000000001 0.5953125 0.3625000000000001
0 0.25468750000000007 0.259375 0.23125 0.259375 0.23125000000000004 0.39375 0.25468750000000007 0.39375
0 0.1812500000000001 0.7765625 0.1546875000000001 0.7765625 0.15468750000000012 0.9203125 0.18125000000000013 0.9203125
0 0.1390625000000001 0.5578125 0.12031250000000009 0.5578125 0.12031250000000009 0.684375 0.1390625000000001 0.684375
0 0.3921875 0.2328125000000001 0.3796875 0.2328125000000001 0.3796875 0.2593750000000001 0.3921875 0.2593750000000001
0 0.2265625 0.07500000000000002 0.2109375 0.07500000000000002 0.2109375 0.18750000000000006 0.2265625 0.18750000000000006
0 0.809375 0.1468750000000001 0.784375 0.1468750000000001 0.784375 0.2468750000000001 0.809375 0.2468750000000001
0 0.83125 0.7953125000000002 0.815625 0.7953125000000002 0.815625 0.9078125 0.83125 0.9078125
0 0.6609375000000001 0.7203125 0.6421875 0.7203125 0.6421875000000001 0.85 0.6609375000000002 0.85
1 0.853125 0.30156250000000007 0.7125 0.30156250000000007 0.7125 0.4781250000000001 0.853125 0.4781250000000002
1 0.8765625 0.7750000000000001 0.7390625000000002 0.7750000000000001 0.7390625000000002 0.9453125 0.8765625 0.9453125
1 0.65 0.2062500000000001 0.4875 0.2062500000000001 0.4875 0.403125 0.65 0.403125
1 0.2328125000000001 0.7625 0.06093750000000009 0.7625 0.0609375000000001 0.946875 0.2328125000000001 0.946875
1 0.30312500000000003 0.25 0.15000000000000005 0.25 0.15000000000000005 0.446875 0.3031250000000001 0.446875
1 0.7093750000000001 0.7125 0.553125 0.7125 0.5531250000000001 0.9046875 0.7093750000000002 0.9046875
1 0.8515625 0.10468750000000009 0.7265625 0.10468750000000009 0.7265625 0.2500000000000001 0.8515625 0.2500000000000001
1 0.8703125 0.6031250000000001 0.7453125 0.6031250000000001 0.7453125 0.7500000000000002 0.8703125 0.7500000000000002
1 0.7015625 0.521875 0.5578125 0.521875 0.5578125 0.684375 0.7015625 0.684375
1 0.4515625 0.32031250000000006 0.31875 0.3203125 0.31875000000000003 0.4796875 0.4515625 0.4796875
1 0.19531250000000006 0.53125 0.032812500000000064 0.53125 0.03281250000000008 0.6984375 0.19531250000000008 0.6984375
1 0.6640625 0.04687500000000007 0.5140625 0.04687500000000007 0.5140625 0.19062500000000007 0.6640625 0.1906250000000001
1 0.45312500000000017 0.7984375 0.3218750000000001 0.7984375 0.3218750000000001 0.9484375 0.45312500000000017 0.9484375
1 0.453125 0.5984375 0.3218750000000001 0.5984375 0.3218750000000001 0.7234375 0.453125 0.7234375
1 0.278125 0.05937500000000003 0.146875 0.059375000000000025 0.14687500000000003 0.2125 0.278125 0.2125
0 0.609375 0.056250000000000064 0.59375 0.056250000000000064 0.59375 0.17187500000000008 0.609375 0.17187500000000008
0 0.815625 0.3203125000000001 0.784375 0.3203125000000001 0.784375 0.42968750000000017 0.815625 0.42968750000000017
0 0.8265625 0.6578125000000001 0.803125 0.6578125000000001 0.803125 0.7421875000000002 0.8265625 0.7421875000000002
0 0.65 0.5609375 0.6328125 0.5609375 0.6328125 0.6703125 0.65 0.6703125
0 0.4125 0.17187500000000006 0.38125 0.17187500000000006 0.38125 0.2578125000000001 0.4125 0.2578125000000001
0 0.4203125 0.3437500000000001 0.3765625 0.3437500000000001 0.3765625 0.440625 0.4203125 0.440625
0 0.4125 0.6265625 0.3906250000000001 0.6265625 0.3906250000000001 0.7171875 0.4125 0.7171875
0 0.4187500000000002 0.8171875 0.3937500000000001 0.8171875 0.3937500000000001 0.9171875 0.4187500000000002 0.9171875