2 0.46093750000000017 0.728125 0.4125000000000002 0.728125 0.4125000000000002 0.821875 0.46093750000000017 0.821875
3 0.38750000000000007 0.7359375 0.27812500000000007 0.7359375 0.27812500000000007 0.8125 0.38750000000000007 0.8125
3 0.459375 0.22812500000000008 0.425 0.22812500000000008 0.425 0.2468750000000001 0.459375 0.2468750000000001
0 0.2796875000000001 0.8078125 0.2328125000000001 0.8078125 0.2328125000000001 0.871875 0.2796875000000001 0.871875
0 0.2968750000000001 0.684375 0.2562500000000001 0.684375 0.2562500000000001 0.740625 0.2968750000000001 0.740625
0 0.2984375000000001 0.68125 0.2296875000000001 0.68125 0.2296875000000001 0.8734375 0.2984375000000001 0.8734375
0 0.4296875 0.24375000000000008 0.4171875 0.24375000000000008 0.4171875 0.26250000000000007 0.4296875 0.26250000000000007
0 0.4296875 0.21875000000000008 0.41875 0.21875000000000008 0.41875 0.2312500000000001 0.4296875 0.2312500000000001
1 0.5281250000000001 0.6609375 0.07187500000000009 0.6609375 0.0718750000000001 0.8953125 0.5281250000000002 0.8953125
1 0.4984375 0.2171875000000001 0.3859375 0.2171875000000001 0.3859375 0.2984375000000001 0.4984375 0.2984375000000001
0 0.43125 0.21875000000000008 0.415625 0.21875000000000008 0.415625 0.2609375000000001 0.43125 0.2609375000000001