2 0.8203125 0.4625000000000002 0.7609375 0.4625000000000002 0.7609375 0.4781250000000002 0.8203125 0.4781250000000002
2 0.3703125000000001 0.496875 0.2953125000000001 0.496875 0.2953125000000001 0.521875 0.3703125000000001 0.521875
3 0.3609375000000001 0.5296875 0.3046875000000001 0.5296875 0.3046875000000001 0.571875 0.3609375000000001 0.571875
3 0.81875 0.4859375000000002 0.775 0.4859375000000002 0.775 0.5296875000000002 0.81875 0.5296875000000002
0 0.7765625 0.5218750000000002 0.75 0.5218750000000002 0.75 0.5343750000000002 0.7765625 0.5343750000000002
0 0.39531250000000007 0.5671875 0.3578125000000001 0.5671875 0.3578125000000001 0.5828125 0.39531250000000007 0.5828125
0 0.846875 0.5218750000000002 0.815625 0.5218750000000002 0.815625 0.5343750000000002 0.846875 0.5343750000000002
0 0.3109375000000001 0.56875 0.27031250000000007 0.56875 0.27031250000000007 0.5828125 0.3109375000000001 0.5828125
0 0.3968750000000001 0.565625 0.2671875000000001 0.565625 0.2671875000000001 0.584375 0.3968750000000001 0.584375
0 0.8484375 0.5203125000000002 0.7484375 0.5203125000000002 0.7484375 0.5359375000000002 0.8484375 0.5359375000000002
1 0.4171875 0.4671875 0.25468750000000007 0.4671875 0.25468750000000007 0.6453125 0.4171875 0.6453125
1 0.8640625 0.4390625000000001 0.7140625 0.4390625 0.7140625 0.5828125000000001 0.8640625 0.5828125000000002