2 0.83125 0.4375000000000001 0.6609375 0.4375 0.6609375 0.4984375000000001 0.83125 0.4984375000000002
2 0.3031250000000001 0.4 0.2000000000000001 0.4 0.2000000000000001 0.4296875 0.3031250000000001 0.4296875
3 0.803125 0.3156250000000001 0.678125 0.3156250000000001 0.678125 0.4171875000000001 0.803125 0.41718750000000016
3 0.30312500000000003 0.3140625 0.2171875 0.3140625 0.21718750000000003 0.390625 0.3031250000000001 0.390625
0 0.9171875 0.2843750000000001 0.803125 0.2843750000000001 0.803125 0.31718750000000007 0.9171875 0.31718750000000007
0 0.34375 0.3046875 0.2921875 0.3046875 0.2921875 0.31875 0.34375 0.31875
0 0.21875 0.2984375 0.14375000000000004 0.2984375 0.14375000000000004 0.315625 0.21875 0.315625
0 0.7015625 0.3031250000000001 0.590625 0.3031250000000001 0.590625 0.3218750000000001 0.7015625 0.3218750000000001
0 0.921875 0.2812500000000001 0.5875 0.2812500000000001 0.5875 0.3234375000000001 0.921875 0.3234375000000001
0 0.3453125 0.296875 0.14062500000000006 0.296875 0.14062500000000006 0.3203125 0.3453125 0.3203125
1 0.9796875 0.16250000000000012 0.5671875 0.1625000000000001 0.5671875 0.5546875000000001 0.9796875 0.5546875000000002
1 0.36250000000000004 0.234375 0.07812500000000003 0.234375 0.07812500000000004 0.4796875 0.3625000000000001 0.4796875