2 0.534375 0.6828125 0.50625 0.6828125 0.5062500000000001 0.8578125 0.5343750000000002 0.8578125
2 0.6125 0.3859375000000001 0.5875 0.3859375000000001 0.5875 0.484375 0.6125 0.484375
3 0.6250000000000001 0.696875 0.546875 0.696875 0.5468750000000001 0.825 0.6250000000000002 0.825
3 0.6875 0.3828125000000001 0.6234375 0.3828125000000001 0.6234375 0.46875 0.6875 0.46875
0 0.6515625000000002 0.815625 0.6203125000000002 0.815625 0.6203125000000002 0.934375 0.6515625000000002 0.934375
0 0.64375 0.6078125 0.615625 0.6078125 0.615625 0.7046875 0.64375 0.7046875
0 0.6859375 0.3109375000000001 0.6671875 0.3109375000000001 0.6671875 0.3765625000000001 0.6859375 0.3765625000000001
0 0.7046875 0.44375 0.684375 0.44375 0.684375 0.5140625 0.7046875 0.5140625
0 0.6531250000000001 0.6046875 0.615625 0.6046875 0.6156250000000001 0.9359375 0.6531250000000002 0.9359375
0 0.70625 0.3078125000000001 0.6671875 0.3078125000000001 0.6671875 0.515625 0.70625 0.515625
1 0.7875000000000001 0.5750000000000001 0.45625 0.575 0.4562500000000001 0.996875 0.7875000000000002 0.996875
1 0.7734375 0.2921875000000001 0.5484375 0.2921875000000001 0.5484375 0.5453125000000001 0.7734375 0.5453125000000002