2 0.66875 0.3312500000000001 0.59375 0.3312500000000001 0.59375 0.3734375000000001 0.66875 0.3734375000000001
2 0.2640625000000001 0.5515625 0.1906250000000001 0.5515625 0.1906250000000001 0.590625 0.2640625000000001 0.590625
3 0.26250000000000007 0.4765625 0.20468750000000008 0.4765625 0.20468750000000008 0.5375 0.26250000000000007 0.5375
3 0.6453125 0.2734375000000001 0.5921875 0.2734375000000001 0.5921875 0.3265625000000001 0.6453125 0.3265625000000001
0 0.2140625000000001 0.4265625 0.17031250000000003 0.4265625 0.17031250000000003 0.4578125 0.2140625000000001 0.4578125
0 0.3062500000000001 0.4421875 0.2656250000000001 0.4421875 0.2656250000000001 0.471875 0.3062500000000001 0.471875
0 0.590625 0.2453125000000001 0.5546875 0.2453125000000001 0.5546875 0.2750000000000001 0.590625 0.2750000000000001
0 0.66875 0.2156250000000001 0.6359375 0.2156250000000001 0.6359375 0.2375000000000001 0.66875 0.2375000000000001
0 0.3078125000000001 0.425 0.16718750000000004 0.425 0.16718750000000004 0.4734375 0.3078125000000001 0.4734375
0 0.671875 0.2156250000000001 0.553125 0.2156250000000001 0.553125 0.2765625000000001 0.671875 0.2765625000000001
1 0.3203125000000001 0.40625 0.13125000000000003 0.40625 0.13125000000000006 0.64375 0.3203125000000001 0.64375
1 0.734375 0.21250000000000008 0.5421875 0.21250000000000008 0.5421875 0.4375000000000001 0.734375 0.43750000000000017