1 0.7828125 0.24375000000000008 0.6984375 0.24375000000000008 0.6984375 0.3343750000000001 0.7828125 0.3343750000000001
2 0.2718750000000001 0.8546875 0.2171875000000001 0.8546875 0.2171875000000001 0.8703125 0.2718750000000001 0.8703125
2 0.7625 0.3109375000000001 0.721875 0.3109375000000001 0.721875 0.3234375000000001 0.7625 0.3234375000000001
2 0.85 0.6828125000000002 0.803125 0.6828125000000002 0.803125 0.6953125000000002 0.85 0.6953125000000002
2 0.440625 0.7015625 0.3859375000000001 0.7015625 0.3859375000000001 0.7140625 0.440625 0.7140625
2 0.2828125000000001 0.4234375 0.24218750000000008 0.4234375 0.24218750000000008 0.44375 0.2828125000000001 0.44375
2 0.20468750000000008 0.6828125 0.1609375000000001 0.6828125 0.1609375000000001 0.6953125 0.20468750000000008 0.6953125
2 0.6500000000000001 0.85625 0.5937500000000002 0.85625 0.5937500000000002 0.86875 0.6500000000000001 0.86875
2 0.9125 0.2968750000000001 0.865625 0.2968750000000001 0.865625 0.3062500000000001 0.9125 0.3062500000000001
2 0.15468750000000003 0.2453125 0.12968750000000004 0.2453125 0.12968750000000004 0.2578125 0.15468750000000003 0.2578125
2 0.421875 0.2734375000000001 0.38125 0.2734375000000001 0.38125 0.28593750000000007 0.421875 0.28593750000000007
2 0.6125 0.678125 0.5859375 0.678125 0.5859375 0.696875 0.6125 0.696875
2 0.6109375 0.2875000000000001 0.5765625 0.2875000000000001 0.5765625 0.3000000000000001 0.6109375 0.3000000000000001
3 0.2609375000000001 0.8171875 0.22031250000000008 0.8171875 0.22031250000000008 0.8484375 0.2609375000000001 0.8484375
3 0.27031250000000007 0.3828125 0.2296875000000001 0.3828125 0.2296875000000001 0.4203125 0.27031250000000007 0.4203125
3 0.6468750000000002 0.8171875 0.6062500000000002 0.8171875 0.6062500000000002 0.8484375 0.6468750000000002 0.8484375
3 0.609375 0.2578125000000001 0.5796875 0.2578125000000001 0.5796875 0.2828125000000001 0.609375 0.2828125000000001
3 0.421875 0.665625 0.38750000000000007 0.665625 0.38750000000000007 0.6953125 0.421875 0.6953125
3 0.4109375 0.2468750000000001 0.3796875 0.2468750000000001 0.3796875 0.2718750000000001 0.4109375 0.2718750000000001
3 0.1984375000000001 0.6515625 0.1671875000000001 0.6515625 0.1671875000000001 0.6765625 0.1984375000000001 0.6765625
3 0.7578125 0.2812500000000001 0.728125 0.2812500000000001 0.728125 0.3062500000000001 0.7578125 0.3062500000000001
3 0.16250000000000003 0.215625 0.13125000000000003 0.215625 0.13125000000000003 0.24375 0.16250000000000003 0.24375
3 0.8375 0.6546875000000002 0.80625 0.6546875000000002 0.80625 0.6796875000000002 0.8375 0.6796875000000002
3 0.909375 0.2640625000000001 0.878125 0.2640625000000001 0.878125 0.2921875000000001 0.909375 0.2921875000000001
3 0.63125 0.6546875 0.603125 0.6546875 0.603125 0.678125 0.63125 0.678125
0 0.21875000000000008 0.815625 0.18750000000000008 0.815625 0.18750000000000008 0.8265625 0.21875000000000008 0.8265625
0 0.2234375000000001 0.3890625 0.18906250000000005 0.3890625 0.18906250000000005 0.4015625 0.2234375000000001 0.4015625
0 0.2812500000000001 0.8078125 0.2531250000000001 0.8078125 0.2531250000000001 0.81875 0.2812500000000001 0.81875
0 0.2828125000000001 0.3734375 0.25468750000000007 0.3734375 0.25468750000000007 0.3859375 0.2828125000000001 0.3859375
0 0.6750000000000002 0.8125 0.6468750000000002 0.8125 0.6468750000000002 0.8234375 0.6750000000000002 0.8234375
0 0.44375 0.6578125 0.421875 0.6578125 0.421875 0.6671875 0.44375 0.6671875
0 0.3734375 0.24687500000000004 0.353125 0.246875 0.353125 0.25468750000000007 0.3734375 0.25468750000000007
0 0.19375000000000003 0.2203125 0.17187500000000006 0.2203125 0.17187500000000006 0.2296875 0.19375000000000003 0.2296875
0 0.1625000000000001 0.6484375 0.13437500000000008 0.6484375 0.13437500000000008 0.6578125 0.1625000000000001 0.6578125
0 0.3890625000000001 0.6640625 0.3656250000000001 0.6640625 0.3656250000000001 0.6734375 0.3890625000000001 0.6734375
0 0.621875 0.640625 0.6046875 0.640625 0.6046875 0.65 0.621875 0.65
0 0.4234375 0.2375000000000001 0.4015625 0.2375000000000001 0.4015625 0.2468750000000001 0.4234375 0.2468750000000001
0 0.8578125 0.6468750000000002 0.8359375 0.6468750000000002 0.8359375 0.6546875000000002 0.8578125 0.6546875000000002
0 0.665625 0.65625 0.64375 0.65625 0.64375 0.665625 0.665625 0.665625
0 0.775 0.2750000000000001 0.7546875 0.2750000000000001 0.7546875 0.2843750000000001 0.775 0.2843750000000001
0 0.20468750000000008 0.6421875 0.1859375000000001 0.6421875 0.1859375000000001 0.6515625 0.20468750000000008 0.6515625
0 0.16093750000000004 0.209375 0.14531250000000004 0.209375 0.14531250000000004 0.21875 0.16093750000000004 0.21875
0 0.2843750000000001 0.371875 0.18593750000000003 0.371875 0.18593750000000003 0.403125 0.2843750000000001 0.403125
0 0.615625 0.2500000000000001 0.6 0.2500000000000001 0.6 0.2578125000000001 0.615625 0.2578125000000001
0 0.8078125 0.6500000000000001 0.790625 0.6500000000000001 0.790625 0.6578125000000001 0.8078125 0.6578125000000001
0 0.925 0.2640625000000001 0.90625 0.2640625000000001 0.90625 0.27031250000000007 0.925 0.27031250000000007
0 0.19531250000000006 0.2078125 0.14531250000000004 0.2078125 0.14531250000000004 0.2296875 0.19531250000000006 0.2296875
0 0.2828125000000001 0.80625 0.1843750000000001 0.80625 0.1843750000000001 0.828125 0.2828125000000001 0.828125
0 0.6140625000000002 0.8140625 0.5828125000000002 0.8140625 0.5828125000000002 0.821875 0.6140625000000002 0.821875
0 0.6765625000000002 0.8109375 0.5828125000000002 0.8109375 0.5828125000000002 0.8234375 0.6765625000000002 0.8234375
0 0.88125 0.2640625000000001 0.8703125 0.2640625000000001 0.8703125 0.27031250000000007 0.88125 0.27031250000000007
0 0.4453125 0.65625 0.36406250000000007 0.65625 0.36406250000000007 0.6734375 0.4453125 0.6734375
0 0.73125 0.2796875000000001 0.7078125 0.2796875000000001 0.7078125 0.28593750000000007 0.73125 0.28593750000000007
0 0.4265625 0.23750000000000004 0.3515625 0.2375 0.3515625 0.25468750000000007 0.4265625 0.25468750000000007
1 0.2968750000000001 0.7671875 0.1750000000000001 0.7671875 0.1750000000000001 0.8828125 0.2968750000000001 0.8828125
1 0.30468750000000006 0.340625 0.17812500000000003 0.340625 0.17812500000000003 0.459375 0.3046875000000001 0.459375
1 0.4421875 0.21250000000000005 0.33125 0.2125 0.33125 0.30625 0.4421875 0.3062500000000001
1 0.8734375 0.6203125000000002 0.7796875 0.6203125000000002 0.7796875 0.7109375000000002 0.8734375 0.7109375000000002
1 0.4921875000000001 0.6265625 0.35625000000000007 0.6265625 0.35625000000000007 0.7359375 0.49218750000000017 0.7359375
1 0.6265625 0.21250000000000008 0.5109375 0.21250000000000008 0.5109375 0.3187500000000001 0.6265625 0.3187500000000001
1 0.6843750000000002 0.771875 0.5703125000000002 0.771875 0.5703125000000002 0.890625 0.6843750000000002 0.890625
1 0.9296875 0.2328125000000001 0.8140625 0.2328125000000001 0.8140625 0.32500000000000007 0.9296875 0.32500000000000007
1 0.6953125 0.6171875 0.5734375 0.6171875 0.5734375 0.7140625 0.6953125 0.7140625
1 0.22031250000000008 0.6078125 0.09843750000000007 0.6078125 0.09843750000000008 0.7140625 0.22031250000000008 0.7140625
1 0.2296875 0.18281250000000002 0.12343750000000005 0.1828125 0.12343750000000005 0.2796875 0.2296875 0.2796875
0 0.578125 0.25468750000000007 0.553125 0.25468750000000007 0.553125 0.2640625000000001 0.578125 0.2640625000000001
0 0.615625 0.2500000000000001 0.553125 0.2500000000000001 0.553125 0.2640625000000001 0.615625 0.2640625000000001
0 0.7765625 0.2750000000000001 0.7078125 0.2750000000000001 0.7078125 0.28593750000000007 0.7765625 0.28593750000000007
0 0.9265625 0.26250000000000007 0.8640625 0.26250000000000007 0.8640625 0.27031250000000007 0.9265625 0.27031250000000007
0 0.20312500000000008 0.6421875 0.13437500000000008 0.6421875 0.13437500000000008 0.65625 0.20312500000000008 0.65625
0 0.6640625 0.640625 0.6046875 0.640625 0.6046875 0.665625 0.6640625 0.665625
0 0.8546875 0.6468750000000002 0.7921875 0.6468750000000002 0.7921875 0.6578125000000001 0.8546875 0.6578125000000001