1 0.7859375000000001 0.6625000000000001 0.678125 0.6625 0.6781250000000001 0.7328125000000001 0.7859375000000002 0.7328125000000002
2 0.484375 0.2875000000000001 0.45 0.2875000000000001 0.45 0.3625000000000001 0.484375 0.3625000000000001
2 0.578125 0.55 0.553125 0.55 0.553125 0.5890625 0.578125 0.5890625
3 0.584375 0.2968750000000001 0.5 0.2968750000000001 0.5 0.3531250000000001 0.584375 0.3531250000000001
3 0.61875 0.5453125 0.575 0.5453125 0.575 0.5765625 0.61875 0.5765625
3 0.5421875 0.2984375000000001 0.5015625 0.2984375000000001 0.5015625 0.3515625000000001 0.5421875 0.3515625000000001
3 0.86875 0.5109375000000002 0.8375 0.5109375000000002 0.8375 0.5296875000000002 0.86875 0.5296875000000002
3 0.85625 0.6046875000000002 0.825 0.6046875000000002 0.825 0.6234375000000002 0.85625 0.6234375000000002
0 0.6078125 0.2578125000000001 0.5765625 0.2578125000000001 0.5765625 0.3031250000000001 0.6078125 0.3031250000000001
0 0.5984375 0.3515625000000001 0.5703125 0.3515625000000001 0.5703125 0.3906250000000001 0.5984375 0.3906250000000001
0 0.6453125 0.5671875 0.6234375 0.5671875 0.6234375 0.590625 0.6453125 0.590625
0 0.609375 0.2562500000000001 0.56875 0.2562500000000001 0.56875 0.3937500000000001 0.609375 0.3937500000000001
0 0.6234375 0.5234375 0.6046875 0.5234375 0.6046875 0.540625 0.6234375 0.540625
0 0.8 0.4281250000000002 0.78125 0.4281250000000002 0.78125 0.44843750000000016 0.8 0.44843750000000016
0 0.7375 0.6734375000000001 0.721875 0.6734375 0.721875 0.6859375000000001 0.7375 0.6859375000000002
0 0.625 0.5171875 0.596875 0.5171875 0.596875 0.5421875 0.625 0.5421875
1 0.703125 0.2296875000000001 0.4 0.2296875000000001 0.4 0.409375 0.703125 0.409375
1 0.6921875 0.5109375 0.521875 0.5109375 0.521875 0.61875 0.6921875 0.61875
1 0.9140625 0.48437500000000017 0.790625 0.48437500000000017 0.790625 0.5500000000000002 0.9140625 0.5500000000000002
1 0.9046875 0.5765625000000002 0.7828125 0.5765625000000002 0.7828125 0.6484375000000002 0.9046875 0.6484375000000002
1 0.85625 0.3906250000000001 0.709375 0.3906250000000001 0.709375 0.4546875000000001 0.85625 0.4546875000000002
3 0.7453125 0.6875000000000001 0.7078125 0.6875 0.7078125 0.70625 0.7453125 0.7062500000000002
0 0.765625 0.7031250000000002 0.74375 0.7031250000000002 0.74375 0.7218750000000002 0.765625 0.7218750000000002
2 0.7140625 0.690625 0.6890625 0.690625 0.6890625 0.7234375 0.7140625 0.7234375
0 0.8703125 0.5828125000000002 0.8546875 0.5828125000000002 0.8546875 0.6093750000000002 0.8703125 0.6093750000000002
0 0.8609375 0.6281250000000002 0.8484375 0.6281250000000002 0.8484375 0.6437500000000002 0.8609375 0.6437500000000002
2 0.821875 0.5953125000000001 0.803125 0.5953125000000001 0.803125 0.6281250000000002 0.821875 0.6281250000000002
0 0.7640625 0.6703125000000001 0.7203125 0.6703125 0.7203125 0.7187500000000001 0.7640625 0.7187500000000002
0 0.8703125 0.5796875000000001 0.8421875 0.5796875000000001 0.8421875 0.6453125000000002 0.8703125 0.6453125000000002
0 0.8171875 0.3984375000000001 0.7953125 0.3984375000000001 0.7953125 0.4156250000000002 0.8171875 0.4156250000000002
0 0.8171875 0.3968750000000001 0.784375 0.3968750000000001 0.784375 0.4468750000000002 0.8171875 0.4468750000000002
0 0.88125 0.5281250000000002 0.8640625 0.5281250000000002 0.8640625 0.5437500000000002 0.88125 0.5437500000000002
0 0.878125 0.4906250000000002 0.859375 0.4906250000000002 0.859375 0.5093750000000001 0.878125 0.5093750000000001
0 0.8828125 0.4906250000000002 0.8609375 0.4906250000000002 0.8609375 0.5468750000000002 0.8828125 0.5468750000000002
2 0.834375 0.4984375000000002 0.8125 0.4984375000000002 0.8125 0.5437500000000002 0.834375 0.5437500000000002
2 0.7640625 0.3921875000000001 0.7359375 0.3921875000000001 0.7359375 0.4234375000000002 0.7640625 0.4234375000000002
3 0.8 0.3968750000000001 0.7625 0.3968750000000001 0.7625 0.42187500000000017 0.8 0.42187500000000017