2 0.5203125 0.2890625000000001 0.4890625 0.2890625000000001 0.4890625 0.36406250000000007 0.5203125 0.36406250000000007
2 0.4546875 0.6265625 0.4203125 0.6265625 0.4203125 0.6828125 0.4546875 0.6828125
3 0.475 0.3000000000000001 0.39375 0.3000000000000001 0.39375 0.35625000000000007 0.475 0.35625000000000007
3 0.4140625 0.640625 0.3546875000000001 0.640625 0.3546875000000001 0.68125 0.4140625 0.68125
0 0.4 0.2656250000000001 0.3703125 0.2656250000000001 0.3703125 0.3046875000000001 0.4 0.3046875000000001
0 0.39687500000000003 0.3531250000000001 0.36875 0.3531250000000001 0.36875 0.3921875000000001 0.3968750000000001 0.3921875000000001
0 0.3703125000000001 0.696875 0.34843750000000007 0.696875 0.34843750000000007 0.7296875 0.3703125000000001 0.7296875
0 0.3453125000000001 0.6421875 0.3234375000000001 0.6421875 0.3234375000000001 0.6625 0.3453125000000001 0.6625
0 0.4 0.26250000000000007 0.365625 0.26250000000000007 0.36562500000000003 0.3937500000000001 0.4 0.3937500000000001
0 0.37187500000000007 0.640625 0.3218750000000001 0.640625 0.3218750000000001 0.7328125 0.37187500000000007 0.7328125
1 0.5015625000000001 0.60625 0.25468750000000007 0.60625 0.25468750000000007 0.753125 0.5015625000000001 0.753125
1 0.575 0.21875000000000006 0.271875 0.21875 0.27187500000000003 0.40625 0.575 0.40625
1 0.44375 0.56875 0.3359375000000001 0.56875 0.3359375000000001 0.60625 0.44375 0.60625