2 0.6390625 0.5078125 0.5734375 0.5078125 0.5734375 0.53125 0.6390625 0.53125
2 0.3359375000000001 0.4125 0.2718750000000001 0.4125 0.2718750000000001 0.43125 0.3359375000000001 0.43125
3 0.32500000000000007 0.3640625 0.27812500000000007 0.3640625 0.27812500000000007 0.409375 0.32500000000000007 0.409375
3 0.6359375 0.453125 0.58125 0.453125 0.58125 0.5 0.6359375 0.5
0 0.68125 0.4421875 0.6359375 0.4421875 0.6359375 0.4609375 0.68125 0.4609375
0 0.590625 0.434375 0.5546875 0.434375 0.5546875 0.4515625 0.590625 0.4515625
0 0.27187500000000003 0.3625 0.246875 0.3625 0.24687500000000004 0.3734375 0.2718750000000001 0.3734375
0 0.33437500000000003 0.3546875 0.309375 0.3546875 0.30937500000000007 0.365625 0.3343750000000001 0.365625
0 0.33593750000000006 0.353125 0.2453125 0.353125 0.24531250000000004 0.375 0.3359375000000001 0.375
1 0.734375 0.3781250000000001 0.5390625 0.3781250000000001 0.5390625 0.5578125 0.734375 0.5578125000000002
1 0.35625000000000007 0.3046875 0.19843750000000004 0.3046875 0.19843750000000004 0.4609375 0.35625000000000007 0.4609375