2 0.17187500000000006 0.225 0.13125000000000003 0.225 0.13125000000000003 0.2375 0.17187500000000006 0.2375
2 0.6453125 0.6765625 0.6046875 0.6765625 0.6046875 0.6890625 0.6453125 0.6890625
2 0.1687500000000001 0.6796875 0.1281250000000001 0.6796875 0.1281250000000001 0.6921875 0.1687500000000001 0.6921875
2 0.8296875 0.6671875000000002 0.7921875 0.6671875000000002 0.7921875 0.6796875000000002 0.8296875 0.6796875000000002
2 0.34843750000000007 0.6765625 0.3078125000000001 0.6765625 0.3078125000000001 0.6890625 0.34843750000000007 0.6890625
2 0.8203125 0.2171875000000001 0.7796875 0.2171875000000001 0.7796875 0.2296875000000001 0.8203125 0.2296875000000001
2 0.6640625 0.2156250000000001 0.628125 0.2156250000000001 0.628125 0.22812500000000008 0.6640625 0.22812500000000008
2 0.365625 0.24062500000000003 0.334375 0.240625 0.334375 0.259375 0.365625 0.2593750000000001
3 0.8265625 0.6859375000000002 0.7953125 0.6859375000000002 0.7953125 0.7140625000000002 0.8265625 0.7140625000000002
3 0.809375 0.2328125000000001 0.778125 0.2328125000000001 0.778125 0.2609375000000001 0.809375 0.2609375000000001
3 0.3437500000000001 0.69375 0.3140625000000001 0.69375 0.3140625000000001 0.7234375 0.3437500000000001 0.7234375
3 0.6453125 0.690625 0.615625 0.690625 0.615625 0.715625 0.6453125 0.715625
3 0.3625 0.2625 0.3375 0.2625 0.3375 0.2875 0.3625 0.2875
3 0.1671875000000001 0.69375 0.1390625000000001 0.69375 0.1390625000000001 0.71875 0.1671875000000001 0.71875
3 0.6609375 0.2328125000000001 0.6328125 0.2328125000000001 0.6328125 0.2578125000000001 0.6609375 0.2578125000000001
3 0.16562500000000005 0.2421875 0.13750000000000004 0.2421875 0.13750000000000004 0.2640625 0.16562500000000005 0.2640625
0 0.6734375 0.70625 0.6484375 0.70625 0.6484375 0.715625 0.6734375 0.715625
0 0.13906250000000003 0.2609375 0.11718750000000004 0.2609375 0.11718750000000004 0.2703125 0.13906250000000003 0.2703125
0 0.18750000000000006 0.259375 0.16562500000000005 0.259375 0.16562500000000005 0.26875 0.18750000000000006 0.26875
0 0.8296875 0.2593750000000001 0.8046875 0.2593750000000001 0.8046875 0.27031250000000007 0.8296875 0.27031250000000007
0 0.6796875 0.2531250000000001 0.659375 0.2531250000000001 0.659375 0.26250000000000007 0.6796875 0.26250000000000007
0 0.1937500000000001 0.7078125 0.17187500000000008 0.7078125 0.17187500000000008 0.7171875 0.1937500000000001 0.7171875
0 0.8484375 0.7093750000000002 0.8265625 0.7093750000000002 0.8265625 0.7187500000000002 0.8484375 0.7187500000000002
0 0.7953125 0.7078125000000002 0.771875 0.7078125000000002 0.771875 0.7171875000000002 0.7953125 0.7171875000000002
0 0.3703125000000001 0.715625 0.3468750000000001 0.715625 0.3468750000000001 0.725 0.3703125000000001 0.725
0 0.3156250000000001 0.715625 0.29375000000000007 0.715625 0.29375000000000007 0.725 0.3156250000000001 0.725
0 0.6234375 0.715625 0.6015625 0.715625 0.6015625 0.725 0.6234375 0.725
0 0.6328125 0.2500000000000001 0.6125 0.2500000000000001 0.6125 0.2593750000000001 0.6328125 0.2593750000000001
0 0.1437500000000001 0.715625 0.12500000000000008 0.715625 0.12500000000000008 0.725 0.1437500000000001 0.725
0 0.7734375 0.2531250000000001 0.7484375 0.2531250000000001 0.7484375 0.26250000000000007 0.7734375 0.26250000000000007
0 0.3921875 0.2828125000000001 0.3671875 0.2828125000000001 0.3671875 0.2906250000000001 0.3921875 0.2906250000000001
0 0.3375 0.284375 0.315625 0.284375 0.315625 0.290625 0.3375 0.290625
0 0.853125 0.7078125000000002 0.76875 0.7078125000000002 0.76875 0.7218750000000002 0.853125 0.7218750000000002
0 0.83125 0.2531250000000001 0.746875 0.2531250000000001 0.746875 0.2718750000000001 0.83125 0.2718750000000001
0 0.68125 0.2500000000000001 0.6109375 0.2500000000000001 0.6109375 0.26250000000000007 0.68125 0.26250000000000007
0 0.3734375000000001 0.715625 0.2906250000000001 0.715625 0.2906250000000001 0.728125 0.3734375000000001 0.728125
0 0.19062500000000004 0.259375 0.11562500000000005 0.259375 0.11562500000000005 0.271875 0.19062500000000004 0.271875
0 0.3921875 0.2828125 0.3140625 0.2828125 0.3140625 0.29218750000000004 0.3921875 0.2921875000000001
1 0.878125 0.6593750000000002 0.7625 0.6593750000000002 0.7625000000000001 0.7640625000000002 0.878125 0.7640625000000002
1 0.6828125 0.6625 0.5875 0.6625 0.5875000000000001 0.75 0.6828125000000002 0.75
1 0.39531250000000007 0.6625 0.2796875000000001 0.6625 0.2796875000000001 0.7703125 0.39531250000000007 0.7703125
1 0.20312500000000008 0.6640625 0.1062500000000001 0.6640625 0.1062500000000001 0.7515625 0.20312500000000008 0.7515625
1 0.4140625 0.22812500000000005 0.296875 0.228125 0.296875 0.33281250000000007 0.4140625 0.33281250000000007
1 0.85625 0.2062500000000001 0.7390625 0.2062500000000001 0.7390625 0.3109375000000001 0.85625 0.3109375000000001
1 0.2 0.2109375 0.10312500000000005 0.2109375 0.10312500000000005 0.2984375 0.2 0.2984375
1 0.6890625 0.2015625000000001 0.6046875 0.2015625000000001 0.6046875 0.2921875000000001 0.6890625 0.2921875000000001
0 0.6718750000000001 0.7046875 0.5984375 0.7046875 0.5984375000000001 0.7265625 0.6718750000000002 0.7265625
0 0.1921875000000001 0.7078125 0.11718750000000008 0.7078125 0.11718750000000008 0.7265625 0.1921875000000001 0.7265625