2 0.34843750000000007 0.609375 0.19531250000000008 0.609375 0.19531250000000008 0.65 0.34843750000000007 0.65
2 0.771875 0.5140625000000001 0.6703125 0.5140625 0.6703125 0.58125 0.771875 0.5812500000000002
3 0.3375000000000001 0.5 0.22031250000000008 0.5 0.22031250000000008 0.59375 0.3375000000000001 0.59375
3 0.740625 0.4437500000000001 0.6359375 0.44375 0.6359375 0.5125000000000001 0.740625 0.5125000000000002
0 0.2250000000000001 0.4796875 0.12656250000000005 0.4796875 0.12656250000000005 0.509375 0.2250000000000001 0.509375
0 0.4078125 0.4671875 0.3281250000000001 0.4671875 0.3281250000000001 0.4953125 0.4078125 0.4953125
0 0.6125 0.4265625 0.54375 0.4265625 0.54375 0.4578125 0.6125 0.4578125
0 0.7828125 0.37187500000000007 0.6984375 0.37187500000000007 0.6984375 0.4046875000000001 0.7828125 0.4046875000000002
0 0.7890625 0.3703125000000001 0.540625 0.3703125000000001 0.540625 0.45781250000000007 0.7890625 0.4578125000000002
0 0.4109375 0.465625 0.12187500000000004 0.465625 0.12187500000000004 0.509375 0.4109375 0.509375
1 0.4390625 0.37031250000000004 0.05468750000000004 0.3703125 0.05468750000000007 0.7078125 0.4390625 0.7078125
1 0.9078125 0.3203125000000001 0.509375 0.3203125000000001 0.509375 0.6468750000000001 0.9078125 0.6468750000000002