2 0.5640625000000001 0.6625 0.5015625 0.6625 0.5015625000000001 0.83125 0.5640625000000001 0.83125
2 0.6 0.2000000000000001 0.571875 0.2000000000000001 0.571875 0.3031250000000001 0.6 0.3031250000000001
3 0.6843750000000001 0.678125 0.584375 0.678125 0.5843750000000001 0.803125 0.6843750000000002 0.803125
3 0.6859375 0.2171875000000001 0.6109375 0.2171875000000001 0.6109375 0.3031250000000001 0.6859375 0.3031250000000001
0 0.7171875000000002 0.8046875 0.6843750000000002 0.8046875 0.6843750000000002 0.9171875 0.7171875000000002 0.9171875
0 0.696875 0.2921875000000001 0.6828125 0.2921875000000001 0.6828125 0.3437500000000001 0.696875 0.3437500000000001
0 0.703125 0.1437500000000001 0.6859375 0.1437500000000001 0.6859375 0.21875000000000008 0.703125 0.21875000000000008
0 0.696875 0.590625 0.678125 0.590625 0.678125 0.7015625 0.696875 0.7015625
0 0.7203125000000001 0.5875 0.678125 0.5875 0.6781250000000001 0.921875 0.7203125000000001 0.921875
0 0.7046875 0.14218750000000008 0.68125 0.14218750000000008 0.68125 0.3453125000000001 0.7046875 0.3453125000000001
1 0.8375 0.5671875000000001 0.446875 0.5671875 0.4468750000000001 0.9796875 0.8375 0.9796875
1 0.7671875 0.07812500000000008 0.5203125 0.07812500000000007 0.5203125 0.3625000000000001 0.7671875 0.3625000000000001