2 0.5671875 0.4859375 0.5390625 0.4859375 0.5390625 0.5703125 0.5671875 0.5703125
3 0.61875 0.503125 0.58125 0.503125 0.58125 0.565625 0.61875 0.565625
3 0.740625 0.10468750000000009 0.7203125 0.10468750000000009 0.7203125 0.13281250000000008 0.740625 0.13281250000000008
0 0.65625 0.565625 0.6390625 0.565625 0.6390625 0.6125 0.65625 0.6125
0 0.659375 0.45 0.640625 0.45 0.640625 0.503125 0.659375 0.503125
0 0.6609375 0.45 0.6375 0.45 0.6375 0.615625 0.6609375 0.615625
0 0.746875 0.1359375000000001 0.7375 0.1359375000000001 0.7375 0.1593750000000001 0.746875 0.1593750000000001
1 0.7453125 0.3890625000000001 0.5078125 0.3890625000000001 0.5078125 0.6421875000000001 0.7453125 0.6421875000000001
1 0.7640625 0.10312500000000009 0.6921875 0.10312500000000009 0.6921875 0.1781250000000001 0.7640625 0.1781250000000001
0 0.746875 0.10781250000000009 0.7390625 0.10781250000000009 0.7390625 0.1218750000000001 0.746875 0.1218750000000001
2 0.71875 0.10312500000000009 0.70625 0.10312500000000009 0.70625 0.1375000000000001 0.71875 0.1375000000000001
0 0.746875 0.1062500000000001 0.7359375 0.1062500000000001 0.7359375 0.1593750000000001 0.746875 0.1593750000000001