2 0.4921875000000001 0.675 0.46875 0.675 0.4687500000000001 0.75625 0.49218750000000017 0.75625
2 0.4953125 0.19218750000000004 0.4734375 0.19218750000000004 0.4734375 0.2328125000000001 0.4953125 0.2328125000000001
3 0.45781250000000007 0.6828125 0.4125 0.6828125 0.4125000000000001 0.7421875 0.4578125000000002 0.7421875
3 0.471875 0.19218750000000004 0.4375 0.19218750000000004 0.4375 0.2328125000000001 0.471875 0.2328125000000001
0 0.41406250000000017 0.734375 0.3984375000000001 0.734375 0.3984375000000001 0.778125 0.41406250000000017 0.778125
0 0.4375 0.2296875000000001 0.4265625 0.2296875000000001 0.4265625 0.2593750000000001 0.4375 0.2593750000000001
0 0.440625 0.16093750000000004 0.428125 0.16093750000000004 0.428125 0.19062500000000004 0.440625 0.19062500000000004
0 0.415625 0.6484375 0.4 0.6484375 0.4 0.6859375 0.415625 0.6859375
0 0.4156250000000001 0.6453125 0.3968750000000001 0.6453125 0.3968750000000001 0.78125 0.4156250000000002 0.78125
0 0.440625 0.15937500000000004 0.425 0.15937500000000004 0.425 0.26250000000000007 0.440625 0.26250000000000007
1 0.5218750000000001 0.634375 0.3265625000000001 0.634375 0.3265625000000001 0.8046875 0.5218750000000002 0.8046875
1 0.5203125 0.14218750000000005 0.3828125 0.14218750000000005 0.3828125 0.2843750000000001 0.5203125 0.2843750000000001