2 0.4578125 0.6203125 0.409375 0.6203125 0.409375 0.653125 0.4578125 0.653125
2 0.659375 0.63125 0.609375 0.63125 0.609375 0.659375 0.659375 0.659375
3 0.446875 0.5578125 0.4125 0.5578125 0.4125 0.615625 0.446875 0.615625
3 0.6515625 0.5546875 0.615625 0.5546875 0.615625 0.61875 0.6515625 0.61875
0 0.409375 0.546875 0.3812500000000001 0.546875 0.3812500000000001 0.5703125 0.409375 0.5703125
0 0.4640625 0.5328125 0.4390625 0.5328125 0.4390625 0.55625 0.4640625 0.55625
0 0.678125 0.5390625 0.646875 0.5390625 0.646875 0.5609375 0.678125 0.5609375
0 0.6203125 0.5390625 0.59375 0.5390625 0.59375 0.5609375 0.6203125 0.5609375
0 0.4671875 0.53125 0.37968750000000007 0.53125 0.37968750000000007 0.571875 0.4671875 0.571875
0 0.68125 0.5359375 0.5921875 0.5359375 0.5921875 0.5640625 0.68125 0.5640625
1 0.7 0.4421875 0.5796875 0.4421875 0.5796875 0.7 0.7 0.7
1 0.48125 0.4578125 0.3656250000000001 0.4578125 0.3656250000000001 0.6984375 0.48125 0.6984375