2 0.34062500000000007 0.50625 0.21250000000000008 0.50625 0.21250000000000008 0.5375 0.34062500000000007 0.5375
2 0.68125 0.6171875 0.584375 0.6171875 0.584375 0.6484375 0.68125 0.6484375
3 0.6562500000000001 0.6640625 0.578125 0.6640625 0.5781250000000001 0.74375 0.6562500000000002 0.74375
3 0.3359375000000001 0.5578125 0.2328125000000001 0.5578125 0.2328125000000001 0.6421875 0.3359375000000001 0.6421875
0 0.24375000000000008 0.6390625 0.1515625000000001 0.6390625 0.1515625000000001 0.675 0.24375000000000008 0.675
0 0.7125000000000001 0.7453125 0.6406250000000002 0.7453125 0.6406250000000002 0.7703125 0.7125000000000001 0.7703125
0 0.4 0.63125 0.3281250000000001 0.63125 0.3281250000000001 0.6578125 0.4 0.6578125
0 0.5718750000000001 0.728125 0.5109375000000002 0.728125 0.5109375000000002 0.75 0.5718750000000001 0.75
0 0.7156250000000001 0.725 0.509375 0.725 0.5093750000000001 0.771875 0.7156250000000002 0.771875
0 0.4046875 0.63125 0.14843750000000008 0.63125 0.14843750000000008 0.6765625 0.4046875 0.6765625
1 0.7859375000000001 0.5750000000000001 0.49375 0.575 0.4937500000000001 0.8625 0.7859375000000002 0.8625
1 0.4125000000000001 0.4484375 0.11718750000000004 0.4484375 0.11718750000000007 0.8140625 0.4125000000000002 0.8140625