2 0.7484375 0.4609375000000001 0.659375 0.4609375 0.659375 0.5015625000000001 0.7484375 0.5015625000000001
2 0.21250000000000008 0.55 0.1687500000000001 0.55 0.1687500000000001 0.5921875 0.21250000000000008 0.5921875
2 0.4234375 0.6640625 0.3937500000000001 0.6640625 0.3937500000000001 0.684375 0.4234375 0.684375
3 0.7296875 0.3734375000000001 0.671875 0.3734375000000001 0.671875 0.45781250000000007 0.7296875 0.4578125000000002
3 0.2312500000000001 0.4671875 0.17968750000000006 0.4671875 0.17968750000000006 0.5421875 0.2312500000000001 0.5421875
3 0.428125 0.61875 0.4015625 0.61875 0.4015625 0.6625 0.428125 0.6625
0 0.7625 0.3500000000000001 0.721875 0.3500000000000001 0.721875 0.3734375000000001 0.7625 0.3734375000000001
0 0.678125 0.35625000000000007 0.64375 0.35625000000000007 0.64375 0.3781250000000001 0.678125 0.3781250000000001
0 0.19843750000000004 0.4484375 0.17187500000000006 0.4484375 0.17187500000000006 0.471875 0.19843750000000004 0.471875
0 0.2750000000000001 0.4703125 0.23437500000000008 0.4703125 0.23437500000000008 0.4890625 0.2750000000000001 0.4890625
0 0.4078125 0.609375 0.3906250000000001 0.609375 0.3906250000000001 0.6234375 0.4078125 0.6234375
0 0.4421875 0.6203125 0.428125 0.6203125 0.428125 0.634375 0.4421875 0.634375
0 0.765625 0.3468750000000001 0.6421875 0.3468750000000001 0.6421875 0.37968750000000007 0.765625 0.37968750000000007
0 0.521875 0.4421875 0.5046875 0.4421875 0.5046875 0.45625 0.521875 0.45625
1 0.32500000000000007 0.3734375 0.15000000000000005 0.3734375 0.15000000000000008 0.6453125 0.32500000000000007 0.6453125
1 0.8109375 0.2312500000000001 0.625 0.2312500000000001 0.625 0.5515625000000001 0.8109375 0.5515625000000002
1 0.4484375 0.5875 0.36406250000000007 0.5875 0.36406250000000007 0.7078125 0.4484375 0.7078125
1 0.5265625 0.4125 0.4765625 0.4125 0.4765625 0.4890625 0.5265625 0.4890625