2 0.5421875000000002 0.7484375 0.5015625000000001 0.7484375 0.5015625000000001 0.8390625 0.5421875000000002 0.8390625
2 0.55625 0.21250000000000008 0.521875 0.21250000000000008 0.521875 0.2875000000000001 0.55625 0.2875000000000001
3 0.4812500000000002 0.7609375 0.3781250000000001 0.7609375 0.3781250000000001 0.8296875 0.4812500000000002 0.8296875
3 0.509375 0.22031250000000008 0.434375 0.22031250000000008 0.434375 0.27031250000000007 0.509375 0.27031250000000007
0 0.3921875000000001 0.7171875 0.3609375000000001 0.7171875 0.3609375000000001 0.7671875 0.3921875000000001 0.7671875
0 0.3937500000000001 0.828125 0.3625000000000001 0.828125 0.3625000000000001 0.88125 0.3937500000000001 0.88125
0 0.4484375 0.18281250000000004 0.4296875 0.18281250000000004 0.4296875 0.22031250000000008 0.4484375 0.22031250000000008
0 0.44375 0.27031250000000007 0.4234375 0.27031250000000007 0.4234375 0.3125000000000001 0.44375 0.3125000000000001
0 0.39531250000000007 0.7171875 0.3578125000000001 0.7171875 0.3578125000000001 0.8828125 0.39531250000000007 0.8828125
1 0.6 0.16875000000000007 0.296875 0.16875000000000004 0.296875 0.353125 0.6 0.3531250000000001
1 0.5937500000000001 0.6921875 0.23437500000000008 0.6921875 0.23437500000000008 0.9015625 0.5937500000000002 0.9015625