2 0.528125 0.4328125 0.4671875 0.4328125 0.4671875 0.471875 0.528125 0.471875
2 0.871875 0.4125000000000002 0.7828125 0.4125000000000002 0.7828125 0.46875000000000017 0.871875 0.46875000000000017
2 0.2093750000000001 0.4265625 0.18125000000000005 0.4265625 0.18125000000000005 0.453125 0.2093750000000001 0.453125
3 0.528125 0.3359375000000001 0.4828125 0.3359375000000001 0.4828125 0.4171875 0.528125 0.4171875
3 0.8609375 0.28593750000000007 0.7921875 0.28593750000000007 0.7921875 0.3937500000000001 0.8609375 0.3937500000000001
3 0.20937500000000003 0.3609375 0.17968750000000006 0.3609375 0.17968750000000006 0.415625 0.2093750000000001 0.415625
0 0.9171875 0.2593750000000001 0.85625 0.2593750000000001 0.85625 0.2984375000000001 0.9171875 0.2984375000000001
0 0.7953125 0.2828125000000001 0.7453125 0.2828125000000001 0.7453125 0.3156250000000001 0.7953125 0.3156250000000001
0 0.4890625 0.3125000000000001 0.4546875 0.3125000000000001 0.4546875 0.3359375000000001 0.4890625 0.3359375000000001
0 0.5703125 0.33281250000000007 0.5359375 0.33281250000000007 0.5359375 0.35625000000000007 0.5703125 0.35625000000000007
0 0.17500000000000004 0.353125 0.14843750000000006 0.353125 0.14843750000000006 0.3703125 0.17500000000000004 0.3703125
0 0.2140625 0.3484375 0.19687500000000005 0.3484375 0.19687500000000005 0.3625 0.2140625 0.3625
0 0.91875 0.2578125000000001 0.7421875 0.2578125000000001 0.7421875 0.31718750000000007 0.91875 0.31718750000000007
1 0.953125 0.11406250000000011 0.7328125 0.1140625000000001 0.7328125 0.5281250000000002 0.953125 0.5281250000000002
1 0.596875 0.2531250000000001 0.4125 0.2531250000000001 0.4125 0.5171875 0.596875 0.5171875
1 0.22031250000000005 0.28125 0.10156250000000004 0.28125 0.10156250000000004 0.484375 0.22031250000000008 0.484375
0 0.21406250000000004 0.3453125 0.15000000000000005 0.3453125 0.15000000000000005 0.3671875 0.2140625000000001 0.3671875
0 0.56875 0.3140625000000001 0.453125 0.3140625000000001 0.453125 0.3546875000000001 0.56875 0.3546875000000001