2 0.5203125 0.21250000000000008 0.475 0.21250000000000008 0.475 0.2718750000000001 0.5203125 0.2718750000000001
3 0.471875 0.2078125000000001 0.3953125 0.2078125000000001 0.3953125 0.2640625000000001 0.471875 0.2640625000000001
3 0.4765625 0.584375 0.4453125 0.584375 0.4453125 0.6 0.4765625 0.6
0 0.4078125 0.15937500000000004 0.3765625 0.15937500000000004 0.3765625 0.2062500000000001 0.4078125 0.2062500000000001
0 0.4 0.2531250000000001 0.3734375 0.2531250000000001 0.3734375 0.2906250000000001 0.4 0.2906250000000001
0 0.4078125 0.15781250000000005 0.3703125 0.15781250000000005 0.3703125 0.2921875000000001 0.4078125 0.2921875000000001
0 0.14531250000000004 0.2109375 0.13593750000000004 0.2109375 0.13593750000000004 0.2265625 0.14531250000000004 0.2265625
0 0.14531250000000004 0.1875 0.13437500000000005 0.1875 0.13437500000000005 0.2 0.14531250000000004 0.2
1 0.575 0.13593750000000007 0.246875 0.13593750000000004 0.246875 0.30937500000000007 0.575 0.30937500000000007
1 0.509375 0.5453125 0.415625 0.5453125 0.415625 0.6015625 0.509375 0.6015625
1 0.17968750000000006 0.1828125 0.10468750000000004 0.1828125 0.10468750000000004 0.2296875 0.17968750000000006 0.2296875