2 0.2578125000000001 0.721875 0.2093750000000001 0.721875 0.2093750000000001 0.740625 0.2578125000000001 0.740625
2 0.7328125 0.24375000000000008 0.6703125 0.24375000000000008 0.6703125 0.2593750000000001 0.7328125 0.2593750000000001
2 0.29375 0.25 0.215625 0.25 0.215625 0.2671875 0.29375 0.2671875
3 0.2921875 0.2078125 0.2375 0.2078125 0.2375 0.2484375 0.2921875 0.2484375
3 0.2515625000000001 0.684375 0.2140625000000001 0.684375 0.2140625000000001 0.7171875 0.2515625000000001 0.7171875
3 0.728125 0.19687500000000008 0.6875 0.19687500000000008 0.6875 0.2328125000000001 0.728125 0.2328125000000001
0 0.21093750000000008 0.675 0.17343750000000008 0.675 0.17343750000000008 0.6859375 0.21093750000000008 0.6859375
0 0.7078125 0.7015625 0.675 0.7015625 0.675 0.7140625 0.7078125 0.7140625
0 0.6890625 0.1937500000000001 0.6515625 0.1937500000000001 0.6515625 0.2062500000000001 0.6890625 0.2062500000000001
0 0.2734375000000001 0.6765625 0.2468750000000001 0.6765625 0.2468750000000001 0.6890625 0.2734375000000001 0.6890625
0 0.759375 0.1984375000000001 0.7296875 0.1984375000000001 0.7296875 0.2093750000000001 0.759375 0.2093750000000001
0 0.25 0.19687500000000005 0.203125 0.19687500000000005 0.203125 0.209375 0.25 0.209375
0 0.7781250000000001 0.7156250000000002 0.746875 0.7156250000000002 0.7468750000000001 0.7265625000000002 0.7781250000000002 0.7265625000000002
0 0.3359375 0.209375 0.296875 0.209375 0.296875 0.221875 0.3359375 0.221875
0 0.2765625000000001 0.6734375 0.17187500000000008 0.6734375 0.17187500000000008 0.690625 0.2765625000000001 0.690625
1 0.346875 0.13125000000000003 0.18125 0.13125 0.18125000000000002 0.29375 0.346875 0.29375
1 0.76875 0.14062500000000008 0.63125 0.14062500000000008 0.63125 0.2812500000000001 0.76875 0.2812500000000001
1 0.2828125000000001 0.621875 0.1296875000000001 0.621875 0.1296875000000001 0.7640625 0.2828125000000001 0.7640625
1 0.7890625000000001 0.6562500000000001 0.646875 0.65625 0.6468750000000001 0.7875000000000001 0.7890625000000002 0.7875000000000002
0 0.7812500000000001 0.7015625000000001 0.675 0.7015625 0.675 0.7296875 0.7812500000000002 0.7296875000000002
0 0.3359375 0.19687500000000005 0.203125 0.19687500000000005 0.203125 0.221875 0.3359375 0.221875
0 0.759375 0.19531250000000008 0.653125 0.19531250000000008 0.653125 0.2078125000000001 0.759375 0.2078125000000001