2 0.48125 0.2250000000000001 0.4578125 0.2250000000000001 0.4578125 0.3312500000000001 0.48125 0.3312500000000001
2 0.5312500000000001 0.7 0.5 0.7 0.5000000000000001 0.765625 0.5312500000000002 0.765625
3 0.5843750000000001 0.703125 0.540625 0.703125 0.5406250000000001 0.76875 0.5843750000000002 0.76875
3 0.559375 0.24375000000000008 0.4953125 0.24375000000000008 0.4953125 0.32500000000000007 0.559375 0.32500000000000007
0 0.5796875 0.1843750000000001 0.5578125 0.1843750000000001 0.5578125 0.2531250000000001 0.5796875 0.2531250000000001
0 0.5765625 0.32500000000000007 0.553125 0.32500000000000007 0.553125 0.3859375000000001 0.5765625 0.3859375000000001
0 0.6078125000000002 0.76875 0.5921875000000002 0.76875 0.5921875000000002 0.8234375 0.6078125000000002 0.8234375
0 0.6046875 0.659375 0.590625 0.659375 0.590625 0.70625 0.6046875 0.70625
0 0.6093750000000001 0.6578125 0.590625 0.6578125 0.5906250000000001 0.8265625 0.6093750000000002 0.8265625
0 0.58125 0.1828125000000001 0.5515625 0.1828125000000001 0.5515625 0.38750000000000007 0.58125 0.38750000000000007
1 0.6875000000000001 0.6359375 0.48125 0.6359375 0.48125000000000007 0.8546875 0.6875000000000002 0.8546875
1 0.6453125 0.13750000000000007 0.4171875 0.13750000000000004 0.4171875 0.3984375000000001 0.6453125 0.3984375000000001