2 0.88125 0.3609375000000001 0.7953125 0.3609375000000001 0.7953125 0.40156250000000016 0.88125 0.40156250000000016
2 0.2531250000000001 0.39375 0.17500000000000004 0.39375 0.17500000000000004 0.425 0.2531250000000001 0.425
3 0.8609375 0.24218750000000008 0.7984375 0.24218750000000008 0.7984375 0.3437500000000001 0.8609375 0.3437500000000001
3 0.24062500000000003 0.3078125 0.18437500000000004 0.3078125 0.18437500000000004 0.3796875 0.2406250000000001 0.3796875
0 0.896875 0.20312500000000008 0.8484375 0.20312500000000008 0.8484375 0.24218750000000008 0.896875 0.24218750000000008
0 0.2765625 0.296875 0.240625 0.296875 0.240625 0.315625 0.2765625 0.315625
0 0.796875 0.2578125000000001 0.753125 0.2578125000000001 0.753125 0.2828125000000001 0.796875 0.2828125000000001
0 0.19375000000000003 0.2828125 0.17656250000000004 0.2828125 0.17656250000000004 0.303125 0.19375000000000003 0.303125
0 0.9 0.2000000000000001 0.7515625 0.2000000000000001 0.7515625 0.2828125000000001 0.9 0.2828125000000001
0 0.2796875 0.2796875 0.17343750000000005 0.2796875 0.17343750000000005 0.3171875 0.2796875 0.3171875
1 0.3140625 0.19687500000000002 0.13750000000000004 0.196875 0.13750000000000004 0.46875 0.3140625000000001 0.46875
1 0.9453125 0.0921875000000001 0.7484375 0.09218750000000009 0.7484375 0.46093750000000017 0.9453125 0.46093750000000017