1 0.56875 0.3937500000000001 0.421875 0.3937500000000001 0.421875 0.6046875 0.56875 0.6046875
2 0.5015625000000001 0.678125 0.4796875 0.678125 0.4796875000000001 0.740625 0.5015625000000001 0.740625
2 0.4640625 0.05000000000000006 0.43125 0.050000000000000044 0.43125 0.18437500000000004 0.4640625 0.18437500000000004
2 0.3 0.2921875 0.278125 0.2921875 0.278125 0.3328125 0.3 0.3328125
3 0.53125 0.446875 0.4828125 0.446875 0.4828125 0.5046875 0.53125 0.5046875
3 0.4109375 0.06406250000000005 0.3265625 0.06406250000000005 0.3265625 0.16718750000000004 0.4109375 0.16718750000000004
3 0.2703125 0.2875 0.2328125 0.2875 0.2328125 0.334375 0.2703125 0.334375
3 0.4765625 0.6671875 0.428125 0.6671875 0.428125 0.7171875 0.4765625 0.7171875
3 0.4109375 0.06562500000000004 0.3671875 0.06562500000000004 0.3671875 0.16718750000000004 0.4109375 0.16718750000000004
0 0.3390625 0.16093750000000004 0.3109375 0.16093750000000004 0.3109375 0.2328125 0.3390625 0.2328125
0 0.33125 0.0031250000000000383 0.3 0.003125000000000036 0.3 0.07031250000000004 0.33125 0.07031250000000004
0 0.4765625 0.484375 0.459375 0.484375 0.459375 0.521875 0.4765625 0.521875
0 0.42656250000000007 0.7 0.4109375 0.7 0.41093750000000007 0.7296875 0.4265625000000002 0.7296875
0 0.49375 0.4 0.48125 0.4 0.48125 0.4375 0.49375 0.4375
0 0.4421875 0.634375 0.4296875 0.634375 0.4296875 0.6625 0.4421875 0.6625
0 0.24687500000000004 0.3375 0.23125 0.3375 0.23125000000000004 0.3734375 0.2468750000000001 0.3734375
0 0.3390625 0.0015625000000000391 0.2984375 0.0015625000000000367 0.2984375 0.2375 0.3390625 0.2375
0 0.221875 0.26875 0.209375 0.26875 0.209375 0.290625 0.221875 0.290625
0 0.4953125 0.3984375000000001 0.4578125 0.3984375000000001 0.4578125 0.5234375 0.4953125 0.5234375
1 0.34218750000000003 0.2515625 0.14531250000000004 0.2515625 0.14531250000000004 0.3921875 0.3421875000000001 0.3921875
1 0.5125 0.001562500000000043 0.190625 0.0015625000000000235 0.19062500000000002 0.26093750000000004 0.5125 0.2609375000000001
1 0.5140625000000001 0.6265625 0.3734375000000001 0.6265625 0.3734375000000001 0.7921875 0.5140625000000002 0.7921875