2 0.5296875 0.17968750000000006 0.4890625 0.17968750000000006 0.4890625 0.27031250000000007 0.5296875 0.27031250000000007
2 0.5375 0.6421875 0.49375 0.6421875 0.49375 0.6921875 0.5375 0.6921875
3 0.4671875 0.18750000000000006 0.3609375 0.18750000000000006 0.3609375 0.25625000000000003 0.4671875 0.2562500000000001
3 0.48125 0.6453125 0.41875 0.6453125 0.41875 0.6921875 0.48125 0.6921875
0 0.3703125 0.24687500000000004 0.3359375 0.246875 0.3359375 0.29687500000000006 0.3703125 0.2968750000000001
0 0.3796875 0.12812500000000004 0.3453125 0.12812500000000004 0.3453125 0.18437500000000004 0.3796875 0.18437500000000004
0 0.41875000000000007 0.69375 0.4 0.69375 0.4000000000000001 0.73125 0.4187500000000002 0.73125
0 0.41875 0.60625 0.3984375000000001 0.60625 0.3984375000000001 0.64375 0.41875 0.64375
0 0.38125 0.12656250000000005 0.334375 0.12656250000000005 0.334375 0.2984375 0.38125 0.2984375000000001
0 0.4218750000000001 0.603125 0.39531250000000007 0.603125 0.39531250000000007 0.7328125 0.42187500000000017 0.7328125
1 0.5562500000000001 0.5828125 0.2953125000000001 0.5828125 0.2953125000000001 0.7609375 0.5562500000000001 0.7609375
1 0.58125 0.10468750000000007 0.2234375 0.10468750000000004 0.2234375 0.32656250000000003 0.58125 0.3265625000000001