2 0.5984375 0.6203125 0.5625 0.6203125 0.5625 0.653125 0.5984375 0.653125
2 0.8125 0.4984375000000002 0.7375 0.4984375000000002 0.7375 0.5265625000000002 0.8125 0.5265625000000002
2 0.3781250000000001 0.5578125 0.3421875000000001 0.5578125 0.3421875000000001 0.5765625 0.3781250000000001 0.5765625
3 0.7984375 0.5421875000000002 0.7421875 0.5421875000000002 0.7421875 0.6265625000000001 0.7984375 0.6265625000000001
3 0.3765625000000001 0.5875 0.3515625000000001 0.5875 0.3515625000000001 0.609375 0.3765625000000001 0.609375
3 0.5875 0.6625 0.5625 0.6625 0.5625 0.70625 0.5875 0.70625
0 0.8375 0.6218750000000002 0.79375 0.6218750000000002 0.79375 0.6500000000000001 0.8375 0.6500000000000001
0 0.74375 0.6140625000000001 0.703125 0.6140625 0.703125 0.6421875000000001 0.74375 0.6421875000000001
0 0.3500000000000001 0.625 0.3281250000000001 0.625 0.3281250000000001 0.640625 0.3500000000000001 0.640625
0 0.6140625 0.7078125 0.5875 0.7078125 0.5875 0.7234375 0.6140625 0.7234375
0 0.4015625 0.6171875 0.3781250000000001 0.6171875 0.3781250000000001 0.6328125 0.4015625 0.6328125
0 0.5625 0.69375 0.540625 0.69375 0.540625 0.709375 0.5625 0.709375
0 0.8421875 0.6093750000000001 0.7 0.609375 0.7 0.6531250000000001 0.8421875 0.6531250000000002
0 0.4015625 0.6171875 0.3265625000000001 0.6171875 0.3265625000000001 0.640625 0.4015625 0.640625
0 0.6140625000000001 0.6921875 0.5390625 0.6921875 0.5390625000000001 0.7265625 0.6140625000000002 0.7265625
1 0.8828125 0.4406250000000001 0.6890625 0.440625 0.6890625000000001 0.7625000000000001 0.8828125 0.7625000000000002
1 0.6484375000000001 0.590625 0.5328125 0.590625 0.5328125000000001 0.740625 0.6484375000000002 0.740625
1 0.4125 0.53125 0.30937500000000007 0.53125 0.30937500000000007 0.653125 0.4125 0.653125