2 0.809375 0.3781250000000001 0.6609375 0.3781250000000001 0.6609375 0.4156250000000001 0.809375 0.4156250000000002
2 0.3468750000000001 0.3671875 0.23437500000000008 0.3671875 0.23437500000000008 0.409375 0.3468750000000001 0.409375
3 0.7921875 0.2812500000000001 0.6703125 0.2812500000000001 0.6703125 0.3625000000000001 0.7921875 0.3625000000000001
3 0.371875 0.27656250000000004 0.2734375 0.2765625 0.2734375 0.35937500000000006 0.371875 0.3593750000000001
0 0.884375 0.2593750000000001 0.7859375 0.2593750000000001 0.7859375 0.2890625000000001 0.884375 0.2890625000000001
0 0.6828125 0.2671875000000001 0.596875 0.2671875000000001 0.596875 0.2921875000000001 0.6828125 0.2921875000000001
0 0.3046875 0.2390625 0.2203125 0.2390625 0.2203125 0.271875 0.3046875 0.271875
0 0.4671875 0.2828125000000001 0.3953125 0.2828125000000001 0.3953125 0.3046875000000001 0.4671875 0.3046875000000001
0 0.4703125 0.23906250000000004 0.21875 0.2390625 0.21875 0.30625 0.4703125 0.3062500000000001
0 0.8859375 0.2578125000000001 0.59375 0.2578125000000001 0.59375 0.29375000000000007 0.8859375 0.29375000000000007
1 0.496875 0.17343750000000002 0.07500000000000002 0.1734375 0.07500000000000004 0.4375 0.496875 0.4375
1 0.940625 0.16250000000000012 0.5703125 0.1625000000000001 0.5703125 0.4562500000000001 0.940625 0.45625000000000016