2 0.7546875 0.3734375000000001 0.6609375 0.3734375000000001 0.6609375 0.4140625000000001 0.7546875 0.41406250000000017
2 0.428125 0.27031250000000007 0.365625 0.27031250000000007 0.365625 0.2968750000000001 0.428125 0.2968750000000001
3 0.4171875 0.19062500000000004 0.3703125 0.19062500000000004 0.3703125 0.2593750000000001 0.4171875 0.2593750000000001
3 0.74375 0.2687500000000001 0.671875 0.2687500000000001 0.671875 0.3593750000000001 0.74375 0.3593750000000001
0 0.8046875 0.2250000000000001 0.746875 0.2250000000000001 0.746875 0.2656250000000001 0.8046875 0.2656250000000001
0 0.684375 0.22812500000000008 0.6328125 0.22812500000000008 0.6328125 0.26250000000000007 0.684375 0.26250000000000007
0 0.4453125 0.17656250000000004 0.415625 0.17656250000000004 0.415625 0.19531250000000006 0.4453125 0.19531250000000006
0 0.375 0.17031250000000003 0.3484375 0.17031250000000003 0.3484375 0.19218750000000004 0.375 0.19218750000000004
0 0.80625 0.2218750000000001 0.6296875 0.2218750000000001 0.6296875 0.2656250000000001 0.80625 0.2656250000000001
0 0.446875 0.16718750000000004 0.346875 0.16718750000000004 0.346875 0.19687500000000005 0.446875 0.19687500000000005
1 0.46875 0.08125000000000006 0.3203125 0.08125000000000004 0.3203125 0.35156250000000006 0.46875 0.3515625000000001
1 0.834375 0.0828125000000001 0.6015625 0.08281250000000007 0.6015625 0.4875000000000001 0.834375 0.48750000000000016