2 0.2562500000000001 0.521875 0.11562500000000005 0.521875 0.11562500000000006 0.5875 0.2562500000000001 0.5875
2 0.8046875 0.3765625000000001 0.7140625 0.3765625000000001 0.7140625 0.4390625000000001 0.8046875 0.4390625000000002
3 0.2640625000000001 0.3671875 0.16562500000000005 0.3671875 0.16562500000000005 0.5140625 0.2640625000000001 0.5140625
3 0.78125 0.2609375000000001 0.70625 0.2609375000000001 0.70625 0.3750000000000001 0.78125 0.3750000000000001
0 0.3437500000000001 0.36875 0.2796875000000001 0.36875 0.2796875000000001 0.4203125 0.3437500000000001 0.4203125
0 0.19843750000000004 0.26875 0.11875000000000005 0.26875 0.11875000000000005 0.3390625 0.19843750000000004 0.3390625
0 0.8078125 0.2218750000000001 0.75625 0.2218750000000001 0.75625 0.2593750000000001 0.8078125 0.2593750000000001
0 0.690625 0.2765625000000001 0.64375 0.2765625000000001 0.64375 0.3140625000000001 0.690625 0.3140625000000001
0 0.8109375 0.22031250000000008 0.6421875 0.22031250000000008 0.6421875 0.3140625000000001 0.8109375 0.3140625000000001
0 0.3453125 0.2671875 0.11562500000000005 0.2671875 0.11562500000000005 0.425 0.3453125000000001 0.425
1 0.38125000000000003 0.10156250000000003 0.0015625000000000124 0.1015625 0.0015625000000000495 0.7078125 0.3812500000000001 0.7078125
1 0.8671875 0.13281250000000008 0.615625 0.13281250000000008 0.615625 0.5250000000000001 0.8671875 0.5250000000000001