2 0.3312500000000001 0.51875 0.2250000000000001 0.51875 0.2250000000000001 0.5421875 0.3312500000000001 0.5421875
2 0.765625 0.4687500000000001 0.7 0.46875 0.7 0.5015625000000001 0.765625 0.5015625000000001
3 0.76875 0.4171875000000001 0.703125 0.4171875 0.703125 0.4609375000000001 0.76875 0.46093750000000017
3 0.32500000000000007 0.4421875 0.24218750000000008 0.4421875 0.24218750000000008 0.50625 0.32500000000000007 0.50625
0 0.2531250000000001 0.4203125 0.18437500000000004 0.4203125 0.18437500000000004 0.44375 0.2531250000000001 0.44375
0 0.3859375000000001 0.425 0.32500000000000007 0.425 0.32500000000000007 0.4484375 0.3859375000000001 0.4484375
0 0.8234375 0.3921875000000001 0.76875 0.3921875000000001 0.76875 0.4078125000000002 0.8234375 0.4078125000000002
0 0.70625 0.39531250000000007 0.659375 0.39531250000000007 0.659375 0.409375 0.70625 0.409375
0 0.825 0.3906250000000001 0.6578125 0.3906250000000001 0.6578125 0.41093750000000007 0.825 0.4109375000000002
0 0.38750000000000007 0.41875 0.18281250000000004 0.41875 0.18281250000000004 0.4484375 0.38750000000000007 0.4484375
1 0.853125 0.3125000000000001 0.6359375 0.3125000000000001 0.6359375 0.51875 0.853125 0.5187500000000002
1 0.39843750000000006 0.35468750000000004 0.13750000000000004 0.3546875 0.13750000000000007 0.5828125 0.3984375000000001 0.5828125