2 0.465625 0.27031250000000007 0.434375 0.27031250000000007 0.434375 0.34062500000000007 0.465625 0.34062500000000007
2 0.4171875 0.6140625 0.36406250000000007 0.6140625 0.36406250000000007 0.6625 0.4171875 0.6625
3 0.41875 0.27968750000000003 0.340625 0.2796875 0.340625 0.33437500000000003 0.41875 0.3343750000000001
3 0.3671875000000001 0.5984375 0.2984375000000001 0.5984375 0.2984375000000001 0.6421875 0.3671875000000001 0.6421875
0 0.3390625 0.240625 0.3078125 0.240625 0.3078125 0.284375 0.3390625 0.284375
0 0.35000000000000003 0.33125 0.321875 0.33125 0.321875 0.3703125 0.3500000000000001 0.3703125
0 0.2953125000000001 0.61875 0.2734375000000001 0.61875 0.2734375000000001 0.64375 0.2953125000000001 0.64375
0 0.353125 0.2375 0.30625 0.2375 0.30625 0.3734375 0.3531250000000001 0.3734375
0 0.3343750000000001 0.559375 0.30937500000000007 0.559375 0.30937500000000007 0.5875 0.3343750000000001 0.5875
0 0.3343750000000001 0.5578125 0.2718750000000001 0.5578125 0.2718750000000001 0.6453125 0.3343750000000001 0.6453125
1 0.4671875 0.5359375 0.22812500000000008 0.5359375 0.22812500000000008 0.66875 0.4671875 0.66875
1 0.5234375 0.20000000000000004 0.19843750000000004 0.2 0.19843750000000004 0.38906250000000003 0.5234375 0.3890625000000001