1 0.7 0.2968750000000001 0.5671875 0.2968750000000001 0.5671875 0.4359375 0.7 0.4359375
2 0.49375 0.19687500000000005 0.475 0.19687500000000005 0.475 0.2687500000000001 0.49375 0.2687500000000001
2 0.7765625000000002 0.7593750000000001 0.7625000000000002 0.7593750000000001 0.7625000000000002 0.8234375 0.7765625000000002 0.8234375
2 0.3906250000000001 0.409375 0.37187500000000007 0.409375 0.37187500000000007 0.45 0.3906250000000001 0.45
2 0.8640625 0.2328125000000001 0.8484375 0.2328125000000001 0.8484375 0.3109375000000001 0.8640625 0.3109375000000001
2 0.19687500000000005 0.378125 0.18281250000000004 0.378125 0.18281250000000004 0.428125 0.19687500000000005 0.428125
2 0.8 0.5703125000000002 0.778125 0.5703125000000002 0.778125 0.6234375000000002 0.8 0.6234375000000002
2 0.3578125000000001 0.575 0.3421875000000001 0.575 0.3421875000000001 0.621875 0.3578125000000001 0.621875
2 0.27812500000000007 0.8953125 0.26250000000000007 0.8953125 0.26250000000000007 0.9515625 0.27812500000000007 0.9515625
2 0.6234375 0.58125 0.6078125 0.58125 0.6078125 0.63125 0.6234375 0.63125
2 0.8625 0.09062500000000011 0.8421875 0.09062500000000011 0.8421875 0.1312500000000001 0.8625 0.1312500000000001
2 0.3375 0.07500000000000004 0.321875 0.07500000000000004 0.321875 0.12500000000000006 0.3375 0.12500000000000006
2 0.6390625 0.1359375000000001 0.6234375 0.1359375000000001 0.6234375 0.1859375000000001 0.6390625 0.1859375000000001
2 0.5828125000000002 0.815625 0.5656250000000002 0.815625 0.5656250000000002 0.85625 0.5828125000000002 0.85625
2 0.8390625 0.40937500000000016 0.821875 0.40937500000000016 0.821875 0.4703125000000002 0.8390625 0.4703125000000002
2 0.203125 0.17031250000000003 0.190625 0.17031250000000003 0.19062500000000002 0.2140625 0.203125 0.2140625
2 0.1859375000000001 0.621875 0.17187500000000008 0.621875 0.17187500000000008 0.66875 0.1859375000000001 0.66875
2 0.6859375 0.3390625000000001 0.6609375 0.3390625000000001 0.6609375 0.3828125000000001 0.6859375 0.3828125000000001
2 0.3890625000000001 0.734375 0.3734375000000001 0.734375 0.3734375000000001 0.790625 0.3890625000000001 0.790625
2 0.1531250000000001 0.7671875 0.14062500000000008 0.7671875 0.14062500000000008 0.809375 0.1531250000000001 0.809375
2 0.7265625000000002 0.875 0.7109375000000002 0.875 0.7109375000000002 0.928125 0.7265625000000002 0.928125
3 0.3656250000000001 0.403125 0.3281250000000001 0.403125 0.3281250000000001 0.44375 0.3656250000000001 0.44375
3 0.4640625 0.2093750000000001 0.4203125 0.2093750000000001 0.4203125 0.2593750000000001 0.4640625 0.2593750000000001
3 0.7078125000000002 0.8703125 0.6734375000000001 0.8703125 0.6734375000000001 0.9078125 0.7078125000000002 0.9078125
3 0.3765625000000001 0.734375 0.3453125000000001 0.734375 0.3453125000000001 0.775 0.3765625000000001 0.775
3 0.6015625 0.5953125 0.5703125 0.5953125 0.5703125 0.6328125 0.6015625 0.6328125
3 0.34062500000000007 0.575 0.30937500000000007 0.575 0.30937500000000007 0.6125 0.34062500000000007 0.6125
3 0.17968750000000006 0.3765625 0.15156250000000004 0.3765625 0.15156250000000004 0.4109375 0.17968750000000006 0.4109375
3 0.16562500000000008 0.628125 0.13437500000000008 0.628125 0.13437500000000008 0.6625 0.16562500000000008 0.6625
3 0.6171875 0.14062500000000008 0.584375 0.14062500000000008 0.584375 0.1781250000000001 0.6171875 0.1781250000000001
3 0.1375000000000001 0.7625 0.11093750000000009 0.7625 0.11093750000000009 0.7921875 0.1375000000000001 0.7921875
3 0.81875 0.4031250000000002 0.78125 0.4031250000000002 0.78125 0.44531250000000017 0.81875 0.44531250000000017
3 0.2609375000000001 0.8921875 0.2296875000000001 0.8921875 0.2296875000000001 0.93125 0.2609375000000001 0.93125
3 0.5671875000000002 0.803125 0.5390625000000002 0.803125 0.5390625000000002 0.8359375 0.5671875000000002 0.8359375
3 0.7578125000000002 0.7765625 0.7203125000000001 0.7765625 0.7203125000000001 0.821875 0.7578125000000002 0.821875
3 0.846875 0.2484375000000001 0.809375 0.2484375000000001 0.809375 0.3000000000000001 0.846875 0.3000000000000001
3 0.321875 0.09531250000000005 0.2859375 0.09531250000000005 0.2859375 0.13593750000000004 0.321875 0.13593750000000004
3 0.840625 0.0750000000000001 0.809375 0.0750000000000001 0.809375 0.11562500000000009 0.840625 0.11562500000000009
3 0.7765625 0.5656250000000002 0.74375 0.5656250000000002 0.74375 0.6062500000000002 0.7765625 0.6062500000000002
3 0.18750000000000003 0.17343750000000002 0.1625 0.1734375 0.16250000000000003 0.2046875 0.18750000000000006 0.2046875
3 0.65625 0.3296875000000001 0.6203125 0.3296875000000001 0.6203125 0.36406250000000007 0.65625 0.36406250000000007
0 0.33281250000000007 0.4359375 0.3187500000000001 0.4359375 0.3187500000000001 0.4734375 0.33281250000000007 0.4734375
0 0.784375 0.4359375000000002 0.7703125 0.4359375000000002 0.7703125 0.47656250000000017 0.784375 0.47656250000000017
0 0.8234375 0.0328125000000001 0.809375 0.0328125000000001 0.809375 0.0671875000000001 0.8234375 0.06718750000000011
0 0.3468750000000001 0.7625 0.33281250000000007 0.7625 0.33281250000000007 0.796875 0.3468750000000001 0.796875
0 0.15312500000000004 0.403125 0.14218750000000005 0.403125 0.14218750000000005 0.43125 0.15312500000000004 0.43125
0 0.43125 0.2593750000000001 0.41875 0.2593750000000001 0.41875 0.29375000000000007 0.43125 0.29375000000000007
0 0.6234375 0.3546875000000001 0.6109375 0.3546875000000001 0.6109375 0.3859375000000001 0.6234375 0.3859375000000001
0 0.3203125000000001 0.540625 0.3078125000000001 0.540625 0.3078125000000001 0.571875 0.3203125000000001 0.571875
0 0.7578125 0.5296875000000002 0.7453125 0.5296875000000002 0.7453125 0.5609375000000002 0.7578125 0.5609375000000002
0 0.15937500000000004 0.3515625 0.15000000000000005 0.3515625 0.15000000000000005 0.3765625 0.15937500000000004 0.3765625
0 0.34062500000000007 0.3703125 0.3296875000000001 0.3703125 0.3296875000000001 0.3984375 0.34062500000000007 0.3984375
0 0.14062500000000008 0.603125 0.1312500000000001 0.603125 0.1312500000000001 0.625 0.14062500000000008 0.625
0 0.11250000000000009 0.784375 0.10156250000000008 0.784375 0.10156250000000008 0.809375 0.11250000000000009 0.809375
0 0.1703125 0.1453125 0.1609375 0.1453125 0.1609375 0.171875 0.1703125 0.171875
0 0.3515625000000001 0.7 0.3421875000000001 0.7 0.3421875000000001 0.728125 0.3515625000000001 0.728125
0 0.12031250000000009 0.7390625 0.11093750000000009 0.7390625 0.11093750000000009 0.7609375 0.12031250000000009 0.7609375
0 0.7265625000000002 0.815625 0.7171875000000002 0.815625 0.7171875000000002 0.84375 0.7265625000000002 0.84375
0 0.5828125 0.6390625 0.571875 0.6390625 0.571875 0.6671875 0.5828125 0.6671875
0 0.14062500000000008 0.659375 0.1312500000000001 0.659375 0.1312500000000001 0.6859375 0.14062500000000008 0.6859375
0 0.5562500000000001 0.7734375 0.5437500000000002 0.7734375 0.5437500000000002 0.796875 0.5562500000000001 0.796875
0 0.5390625000000002 0.821875 0.5265625000000002 0.821875 0.5265625000000002 0.85 0.5390625000000002 0.85
0 0.790625 0.3750000000000001 0.778125 0.3750000000000001 0.778125 0.4031250000000002 0.790625 0.4031250000000002
0 0.6781250000000002 0.8984375 0.6656250000000001 0.8984375 0.6656250000000001 0.9328125 0.6781250000000002 0.9328125
0 0.8046875 0.0984375000000001 0.7921875 0.0984375000000001 0.7921875 0.12656250000000008 0.8046875 0.12656250000000008
0 0.2953125 0.13281250000000006 0.2859375 0.13281250000000006 0.2859375 0.15625000000000006 0.2953125 0.15625000000000006
0 0.16406250000000006 0.1984375 0.15468750000000003 0.1984375 0.15468750000000003 0.2203125 0.16406250000000006 0.2203125
0 0.8125 0.2890625000000001 0.8015625 0.2890625000000001 0.8015625 0.31718750000000007 0.8125 0.31718750000000007
0 0.7250000000000002 0.7515625 0.7140625000000002 0.7515625 0.7140625000000002 0.7796875 0.7250000000000002 0.7796875
0 0.22812500000000008 0.9171875 0.2156250000000001 0.9171875 0.2156250000000001 0.9453125 0.22812500000000008 0.9453125
0 0.3109375000000001 0.6046875 0.3000000000000001 0.6046875 0.3000000000000001 0.6296875 0.3109375000000001 0.6296875
0 0.5921875 0.1765625000000001 0.5828125 0.1765625000000001 0.5828125 0.20468750000000008 0.5921875 0.20468750000000008
0 0.7453125 0.5953125000000001 0.734375 0.5953125000000001 0.734375 0.6171875000000002 0.7453125 0.6171875000000002
0 0.5921875 0.11562500000000009 0.5828125 0.11562500000000009 0.5828125 0.14062500000000008 0.5921875 0.14062500000000008
0 0.4296875 0.17031250000000003 0.4171875 0.17031250000000003 0.4171875 0.21093750000000008 0.4296875 0.21093750000000008
0 0.6375 0.3046875000000001 0.6265625 0.3046875000000001 0.6265625 0.3265625000000001 0.6375 0.3265625000000001
0 0.24218750000000008 0.859375 0.2312500000000001 0.859375 0.2312500000000001 0.8875 0.24218750000000008 0.8875
0 0.5703125 0.578125 0.559375 0.578125 0.559375 0.603125 0.5703125 0.603125
0 0.6875000000000002 0.8484375 0.6750000000000002 0.8484375 0.6750000000000002 0.8703125 0.6875000000000002 0.8703125
0 0.2921875 0.07500000000000004 0.2828125 0.07500000000000004 0.2828125 0.09843750000000004 0.2921875 0.09843750000000004
0 0.3203125000000001 0.5359375 0.2984375000000001 0.5359375 0.2984375000000001 0.6296875 0.3203125000000001 0.6296875
0 0.8171875 0.2171875000000001 0.8078125 0.2171875000000001 0.8078125 0.2484375000000001 0.8171875 0.2484375000000001
0 0.3531250000000001 0.6921875 0.3281250000000001 0.6921875 0.3281250000000001 0.8015625 0.3531250000000001 0.8015625
0 0.16093750000000004 0.35 0.14218750000000005 0.35 0.14218750000000005 0.4359375 0.16093750000000004 0.4359375
0 0.4328125 0.16718750000000004 0.415625 0.16718750000000004 0.415625 0.2984375000000001 0.4328125 0.2984375000000001
0 0.1218750000000001 0.7375 0.10000000000000009 0.7375 0.10000000000000009 0.815625 0.1218750000000001 0.815625
0 0.5562500000000001 0.7703125 0.5250000000000001 0.7703125 0.5250000000000001 0.85 0.5562500000000001 0.85
0 0.17031250000000003 0.1421875 0.153125 0.1421875 0.153125 0.2203125 0.17031250000000003 0.2203125
0 0.5828125 0.5734375 0.5578125 0.5734375 0.5578125 0.6703125 0.5828125 0.6703125
0 0.14218750000000008 0.6015625 0.1296875000000001 0.6015625 0.1296875000000001 0.6875 0.14218750000000008 0.6875
0 0.59375 0.1140625000000001 0.58125 0.1140625000000001 0.58125 0.2078125000000001 0.59375 0.2078125000000001
1 0.409375 0.3609375 0.265625 0.3609375 0.26562500000000006 0.4890625 0.409375 0.4890625
1 0.5171875 0.13437500000000005 0.365625 0.13437500000000005 0.365625 0.3218750000000001 0.5171875 0.3218750000000001
1 0.6375 0.540625 0.525 0.540625 0.525 0.6875 0.6375 0.6875
1 0.4046875000000001 0.6828125 0.2890625000000001 0.6828125 0.2890625000000001 0.8203125 0.4046875000000002 0.8203125
1 0.859375 0.3656250000000001 0.71875 0.3656250000000001 0.71875 0.48906250000000007 0.859375 0.4890625000000002
1 0.20468750000000008 0.56875 0.09531250000000006 0.56875 0.09531250000000008 0.7046875 0.20468750000000008 0.7046875
1 0.16562500000000008 0.73125 0.06875000000000009 0.73125 0.0687500000000001 0.8484375 0.16562500000000008 0.8484375
1 0.21406250000000004 0.340625 0.10781250000000005 0.340625 0.10781250000000005 0.4703125 0.2140625000000001 0.4703125
1 0.659375 0.09375000000000008 0.5421875 0.09375000000000007 0.5421875 0.22812500000000008 0.659375 0.22812500000000008
1 0.8015625 0.690625 0.675 0.690625 0.675 0.853125 0.8015625 0.853125
1 0.2968750000000001 0.846875 0.18906250000000008 0.846875 0.1890625000000001 0.971875 0.2968750000000001 0.971875
1 0.5906250000000002 0.759375 0.4937500000000002 0.759375 0.4937500000000002 0.8765625 0.5906250000000002 0.8765625
1 0.7468750000000002 0.846875 0.6250000000000002 0.846875 0.6250000000000002 0.971875 0.7468750000000002 0.971875
1 0.8875 0.17968750000000008 0.759375 0.17968750000000008 0.759375 0.3359375000000001 0.8875 0.3359375000000001
1 0.2140625 0.13125000000000003 0.1296875 0.13125 0.1296875 0.23125 0.2140625 0.23125
1 0.3734375000000001 0.51875 0.27031250000000007 0.51875 0.27031250000000007 0.6453125 0.3734375000000001 0.6453125
1 0.88125 0.029687500000000106 0.775 0.0296875000000001 0.775 0.14843750000000008 0.88125 0.14843750000000008
1 0.8140625 0.5171875000000001 0.70625 0.5171875 0.70625 0.6390625000000001 0.8140625 0.6390625000000002
1 0.35625 0.03125000000000004 0.24375 0.031250000000000035 0.24375 0.16250000000000003 0.35625 0.16250000000000003
0 0.24218750000000008 0.8578125 0.2171875000000001 0.8578125 0.2171875000000001 0.9453125 0.24218750000000008 0.9453125
0 0.34062500000000007 0.371875 0.3187500000000001 0.371875 0.3187500000000001 0.475 0.34062500000000007 0.475
0 0.2953125 0.06875000000000005 0.2828125 0.06875000000000005 0.2828125 0.15625000000000006 0.2953125 0.15625000000000006
0 0.6359375 0.3046875000000001 0.6109375 0.3046875000000001 0.6109375 0.3843750000000001 0.6359375 0.3843750000000001
0 0.8171875 0.21875000000000008 0.8015625 0.21875000000000008 0.8015625 0.31718750000000007 0.8171875 0.31718750000000007
0 0.821875 0.0296875000000001 0.790625 0.0296875000000001 0.790625 0.12656250000000008 0.821875 0.12656250000000008
0 0.7578125 0.5281250000000002 0.734375 0.5281250000000002 0.734375 0.6187500000000001 0.7578125 0.6187500000000001
0 0.7281250000000001 0.7515625000000001 0.7125000000000001 0.7515625 0.7125000000000001 0.8421875 0.7281250000000001 0.8421875
0 0.6859375000000002 0.846875 0.6656250000000001 0.846875 0.6656250000000001 0.934375 0.6859375000000002 0.934375