2 0.809375 0.4828125000000002 0.73125 0.4828125000000002 0.73125 0.5109375000000002 0.809375 0.5109375000000002
2 0.4796875 0.4375 0.4484375 0.4375 0.4484375 0.453125 0.4796875 0.453125
3 0.79375 0.3906250000000001 0.7375 0.3906250000000001 0.7375 0.46875000000000017 0.79375 0.46875000000000017
3 0.475 0.4015625 0.45625 0.4015625 0.45625 0.4359375 0.475 0.4359375
0 0.834375 0.3625000000000001 0.7890625 0.3625000000000001 0.7890625 0.3937500000000001 0.834375 0.3937500000000001
0 0.740625 0.3781250000000001 0.7015625 0.3781250000000001 0.7015625 0.4062500000000001 0.740625 0.40625000000000017
0 0.8375 0.3609375000000001 0.7 0.3609375000000001 0.7 0.4078125000000001 0.8375 0.4078125000000002
0 0.45625 0.3984375000000001 0.440625 0.3984375000000001 0.440625 0.4109375 0.45625 0.4109375
0 0.4875 0.3968750000000001 0.471875 0.3968750000000001 0.471875 0.4109375 0.4875 0.4109375
0 0.4578125 0.2484375000000001 0.44375 0.2484375000000001 0.44375 0.2609375000000001 0.4578125 0.2609375000000001
1 0.8609375 0.24375000000000008 0.6890625 0.24375000000000008 0.6890625 0.5671875000000001 0.8609375 0.5671875000000002
1 0.5 0.3578125000000001 0.4296875 0.3578125000000001 0.4296875 0.4703125 0.5 0.4703125
1 0.490625 0.22031250000000008 0.440625 0.22031250000000008 0.440625 0.3046875000000001 0.490625 0.3046875000000001
0 0.4828125 0.2406250000000001 0.4703125 0.2406250000000001 0.4703125 0.2531250000000001 0.4828125 0.2531250000000001
0 0.4828125 0.2406250000000001 0.4453125 0.2406250000000001 0.4453125 0.2593750000000001 0.4828125 0.2593750000000001
3 0.4734375 0.2531250000000001 0.4609375 0.2531250000000001 0.4609375 0.2750000000000001 0.4734375 0.2750000000000001
2 0.4796875 0.2765625000000001 0.459375 0.2765625000000001 0.459375 0.2906250000000001 0.4796875 0.2906250000000001
0 0.4875 0.3968750000000001 0.440625 0.3968750000000001 0.440625 0.4125 0.4875 0.4125