1 0.6718750000000002 0.7328125 0.5500000000000002 0.7328125 0.5500000000000002 0.8828125 0.6718750000000002 0.8828125
2 0.9421875 0.3453125000000001 0.9234375 0.3453125000000001 0.9234375 0.4109375000000002 0.9421875 0.4109375000000002
2 0.840625 0.840625 0.828125 0.840625 0.828125 0.9015625 0.840625 0.9015625
2 0.9140625 0.1031250000000001 0.8921875 0.10312500000000009 0.8921875 0.1812500000000001 0.9140625 0.18125000000000013
2 0.8265625 0.6281250000000002 0.8078125 0.6281250000000002 0.8078125 0.7015625000000002 0.8265625 0.7015625000000002
2 0.2593750000000001 0.578125 0.24375000000000008 0.578125 0.24375000000000008 0.6359375 0.2593750000000001 0.6359375
2 0.4828125000000001 0.665625 0.4671875 0.665625 0.4671875000000001 0.746875 0.4828125000000002 0.746875
2 0.4171875 0.17812500000000003 0.4 0.17812500000000003 0.4 0.2515625000000001 0.4171875 0.2515625000000001
2 0.65625 0.30937500000000007 0.6390625 0.30937500000000007 0.6390625 0.35625000000000007 0.65625 0.35625000000000007
2 0.659375 0.5453125 0.6375 0.5453125 0.6375 0.5984375 0.659375 0.5984375
2 0.46406250000000016 0.8671875 0.4468750000000002 0.8671875 0.4468750000000002 0.9328125 0.46406250000000016 0.9328125
2 0.41875 0.3609375000000001 0.4046875 0.3609375000000001 0.4046875 0.421875 0.41875 0.421875
2 0.6515625 0.0906250000000001 0.6359375 0.0906250000000001 0.6359375 0.1437500000000001 0.6515625 0.1437500000000001
2 0.2390625 0.11875000000000005 0.2234375 0.11875000000000005 0.2234375 0.17500000000000004 0.2390625 0.17500000000000004
2 0.234375 0.290625 0.21875 0.290625 0.21875 0.3296875 0.234375 0.3296875
2 0.25468750000000007 0.79375 0.2406250000000001 0.79375 0.2406250000000001 0.8453125 0.25468750000000007 0.8453125
2 0.6468750000000002 0.78125 0.6312500000000002 0.78125 0.6312500000000002 0.83125 0.6468750000000002 0.83125
3 0.3968750000000001 0.36406250000000007 0.3609375000000001 0.3640625 0.3609375000000001 0.4109375 0.3968750000000001 0.4109375
3 0.4593750000000001 0.6859375 0.4171875 0.6859375 0.4171875000000001 0.7421875 0.4593750000000002 0.7421875
3 0.3921875 0.20000000000000004 0.3515625 0.2 0.3515625 0.24843750000000003 0.3921875 0.2484375000000001
3 0.2140625 0.12812500000000002 0.1765625 0.128125 0.1765625 0.17187500000000003 0.2140625 0.17187500000000006
3 0.4390625000000002 0.8671875 0.40156250000000016 0.8671875 0.40156250000000016 0.9171875 0.4390625000000002 0.9171875
3 0.9140625 0.3515625000000001 0.8734375 0.3515625000000001 0.8734375 0.4031250000000002 0.9140625 0.4031250000000002
3 0.23593750000000008 0.6 0.2015625000000001 0.6 0.2015625000000001 0.6390625 0.23593750000000008 0.6390625
3 0.2171875 0.2859375 0.18750000000000006 0.2859375 0.18750000000000006 0.3203125 0.2171875 0.3203125
3 0.8015625 0.6531250000000002 0.7609375 0.6531250000000002 0.7609375 0.7031250000000002 0.8015625 0.7031250000000002
3 0.6328125 0.3062500000000001 0.6 0.3062500000000001 0.6 0.3421875000000001 0.6328125 0.3421875000000001
3 0.884375 0.1281250000000001 0.8375 0.1281250000000001 0.8375 0.1828125000000001 0.884375 0.1828125000000001
3 0.81875 0.8484375 0.7843750000000002 0.8484375 0.7843750000000002 0.8953125 0.81875 0.8953125
3 0.23593750000000008 0.7921875 0.20468750000000008 0.7921875 0.20468750000000008 0.8265625 0.23593750000000008 0.8265625
3 0.6375 0.575 0.6015625 0.575 0.6015625 0.615625 0.6375 0.615625
3 0.628125 0.10937500000000008 0.596875 0.10937500000000008 0.596875 0.1468750000000001 0.628125 0.1468750000000001
0 0.4078125000000002 0.828125 0.39531250000000007 0.828125 0.39531250000000007 0.8625 0.4078125000000002 0.8625
0 0.8453125 0.1828125000000001 0.8328125 0.1828125000000001 0.8328125 0.2218750000000001 0.8453125 0.2218750000000001
0 0.4031250000000002 0.9078125 0.3906250000000001 0.9078125 0.3906250000000001 0.9453125 0.4031250000000002 0.9453125
0 0.3625000000000001 0.40625 0.3500000000000001 0.40625 0.3500000000000001 0.440625 0.3625000000000001 0.440625
0 0.2156250000000001 0.7578125 0.20312500000000008 0.7578125 0.20312500000000008 0.7859375 0.2156250000000001 0.7859375
0 0.8765625 0.3187500000000001 0.8625 0.3187500000000001 0.8625 0.3546875000000001 0.8765625 0.3546875000000001
0 0.41875 0.64375 0.40625 0.64375 0.40625 0.6859375 0.41875 0.6859375
0 0.36562500000000003 0.3296875 0.353125 0.3296875 0.353125 0.36406250000000007 0.3656250000000001 0.36406250000000007
0 0.88125 0.4000000000000002 0.8671875 0.4000000000000002 0.8671875 0.4390625000000002 0.88125 0.4390625000000002
0 0.8359375 0.0875000000000001 0.821875 0.0875000000000001 0.821875 0.13281250000000008 0.8359375 0.13281250000000008
0 0.759375 0.6125000000000002 0.746875 0.6125000000000002 0.746875 0.6562500000000002 0.759375 0.6562500000000002
0 0.7890625000000002 0.815625 0.7765625000000002 0.815625 0.7765625000000002 0.85 0.7890625000000002 0.85
0 0.2171875000000001 0.6484375 0.20468750000000008 0.6484375 0.20468750000000008 0.6796875 0.2171875000000001 0.6796875
0 0.6 0.3421875000000001 0.5890625 0.3421875000000001 0.5890625 0.37187500000000007 0.6 0.37187500000000007
0 0.7890625000000002 0.8921875 0.7765625000000002 0.8921875 0.7765625000000002 0.925 0.7890625000000002 0.925
0 0.2062500000000001 0.8203125 0.1937500000000001 0.8203125 0.1937500000000001 0.85 0.2062500000000001 0.85
0 0.60625 0.1546875000000001 0.5953125 0.1546875000000001 0.5953125 0.1828125000000001 0.60625 0.1828125000000001
0 0.4203125000000002 0.734375 0.4078125000000002 0.734375 0.4078125000000002 0.775 0.4203125000000002 0.775
0 0.76875 0.7015625000000002 0.75625 0.7015625000000002 0.7562500000000001 0.7390625000000002 0.7687500000000002 0.7390625000000002
0 0.1828125 0.09375000000000003 0.1703125 0.09375000000000003 0.1703125 0.12812500000000002 0.1828125 0.12812500000000004
0 0.19843750000000004 0.259375 0.18593750000000003 0.259375 0.18593750000000003 0.284375 0.19843750000000004 0.284375
0 0.596875 0.5609375 0.58125 0.5609375 0.58125 0.590625 0.596875 0.590625
0 0.18437500000000004 0.3140625 0.17343750000000005 0.3140625 0.17343750000000005 0.3421875 0.18437500000000004 0.3421875
0 0.184375 0.17031250000000003 0.175 0.1703125 0.17500000000000002 0.2015625 0.18437500000000004 0.2015625
0 0.6234375 0.628125 0.6078125 0.628125 0.6078125 0.65625 0.6234375 0.65625
0 0.609375 0.2843750000000001 0.596875 0.2843750000000001 0.596875 0.30937500000000007 0.609375 0.30937500000000007
0 0.359375 0.24375 0.3484375 0.24375 0.3484375 0.278125 0.359375 0.278125
0 0.2000000000000001 0.5734375 0.18750000000000008 0.5734375 0.18750000000000008 0.60625 0.2000000000000001 0.60625
0 0.59375 0.08281250000000007 0.58125 0.08281250000000007 0.58125 0.1140625000000001 0.59375 0.1140625000000001
0 0.353125 0.16093750000000004 0.340625 0.16093750000000004 0.340625 0.19843750000000004 0.353125 0.19843750000000004
0 0.6015625000000002 0.796875 0.5890625000000002 0.796875 0.5890625000000002 0.8265625 0.6015625000000002 0.8265625
0 0.4203125000000001 0.6390625 0.4046875 0.6390625 0.4046875000000001 0.7796875 0.4203125000000002 0.7796875
0 0.76875 0.6062500000000002 0.7453125 0.6062500000000002 0.7453125 0.7406250000000002 0.7687500000000002 0.7406250000000002
0 0.846875 0.08125000000000011 0.8203125 0.08125000000000011 0.8203125 0.2250000000000001 0.846875 0.2250000000000001
0 0.88125 0.31718750000000007 0.8625 0.31718750000000007 0.8625 0.4421875000000002 0.88125 0.4421875000000002
0 0.6203125000000002 0.7421875 0.6078125000000002 0.7421875 0.6078125000000002 0.76875 0.6203125000000002 0.76875
0 0.7906250000000001 0.8140625 0.7750000000000001 0.8140625 0.7750000000000001 0.9265625 0.7906250000000001 0.9265625
0 0.2171875000000001 0.7546875 0.1921875000000001 0.7546875 0.1921875000000001 0.8546875 0.2171875000000001 0.8546875
0 0.18593750000000003 0.09218750000000002 0.1703125 0.09218750000000002 0.17031250000000003 0.2046875 0.18593750000000003 0.2046875
0 0.359375 0.15156250000000004 0.340625 0.15156250000000004 0.340625 0.28125 0.359375 0.28125
1 0.2890625000000001 0.521875 0.14843750000000006 0.521875 0.14843750000000006 0.6984375 0.2890625000000001 0.6984375
1 0.2625 0.05625000000000002 0.125 0.05625000000000002 0.12500000000000003 0.225 0.2625 0.225
1 0.5125000000000001 0.596875 0.3500000000000001 0.596875 0.3500000000000001 0.79375 0.5125000000000002 0.79375
1 0.940625 0.0546875000000001 0.76875 0.05468750000000009 0.76875 0.2390625000000001 0.940625 0.2390625000000001
1 0.85 0.5546875000000001 0.696875 0.5546875 0.6968750000000001 0.7515625000000001 0.85 0.7515625000000001
1 0.446875 0.09687500000000004 0.290625 0.09687500000000004 0.290625 0.28906250000000006 0.446875 0.2890625000000001
1 0.2750000000000001 0.75 0.15000000000000008 0.75 0.15000000000000008 0.8953125 0.2750000000000001 0.8953125
1 0.25468750000000007 0.2515625 0.12968750000000004 0.2515625 0.12968750000000004 0.3984375 0.25468750000000007 0.3984375
1 0.4421875 0.31718750000000007 0.2984375 0.3171875 0.2984375 0.4796875 0.4421875 0.4796875
1 0.68125 0.521875 0.5484375 0.521875 0.5484375 0.68125 0.68125 0.68125
1 0.9671875 0.3031250000000001 0.8046875 0.3031250000000001 0.8046875 0.4703125000000002 0.9671875 0.4703125000000002
1 0.4859375000000002 0.8109375 0.3359375000000001 0.8109375 0.3359375000000001 0.9546875 0.4859375000000002 0.9546875
1 0.6796875 0.05156250000000008 0.5484375 0.05156250000000007 0.5484375 0.2015625000000001 0.6796875 0.2015625000000001
1 0.6796875 0.27812500000000007 0.5484375 0.27812500000000007 0.5484375 0.403125 0.6796875 0.403125
1 0.8546875 0.7890625000000001 0.7234375000000002 0.7890625 0.7234375000000002 0.9421875 0.8546875 0.9421875
0 0.4078125000000002 0.8296875 0.3921875000000001 0.8296875 0.3921875000000001 0.9453125 0.4078125000000002 0.9453125
0 0.2171875000000001 0.571875 0.1859375000000001 0.571875 0.1859375000000001 0.68125 0.2171875000000001 0.68125
0 0.19687500000000005 0.2578125 0.17343750000000005 0.2578125 0.17343750000000005 0.3421875 0.19687500000000005 0.3421875
0 0.36718750000000006 0.3296875 0.35 0.3296875 0.35000000000000003 0.4390625 0.3671875000000001 0.4390625
0 0.6187500000000001 0.7421875 0.5875000000000001 0.7421875 0.5875000000000001 0.828125 0.6187500000000001 0.828125
0 0.6234375 0.5609375 0.5796875 0.5609375 0.5796875 0.6578125 0.6234375 0.6578125
0 0.6109375 0.2843750000000001 0.5890625 0.2843750000000001 0.5890625 0.3750000000000001 0.6109375 0.3750000000000001
0 0.60625 0.08437500000000006 0.58125 0.08437500000000006 0.58125 0.1843750000000001 0.60625 0.1843750000000001