2 0.471875 0.4734375 0.4328125 0.4734375 0.4328125 0.5328125 0.471875 0.5328125
2 0.46875 0.12812500000000004 0.4125 0.12812500000000004 0.4125 0.21875000000000008 0.46875 0.21875000000000008
2 0.45312500000000017 0.790625 0.4265625000000002 0.790625 0.4265625000000002 0.81875 0.45312500000000017 0.81875
3 0.4171875 0.4734375 0.3359375000000001 0.4734375 0.3359375000000001 0.5171875 0.4171875 0.5171875
3 0.39375 0.13906250000000003 0.2859375 0.13906250000000003 0.2859375 0.20781250000000004 0.39375 0.2078125000000001
3 0.41718750000000016 0.790625 0.3609375000000001 0.790625 0.3609375000000001 0.821875 0.41718750000000016 0.821875
0 0.2984375 0.08281250000000004 0.2609375 0.08281250000000002 0.2609375 0.14375000000000004 0.2984375 0.14375000000000004
0 0.315625 0.2046875 0.284375 0.2046875 0.284375 0.2546875 0.315625 0.2546875
0 0.3359375000000001 0.5109375 0.3125000000000001 0.5109375 0.3125000000000001 0.5453125 0.3359375000000001 0.5453125
0 0.35625000000000007 0.43125 0.33281250000000007 0.43125 0.33281250000000007 0.465625 0.35625000000000007 0.465625
0 0.3703125000000001 0.8265625 0.3546875000000001 0.8265625 0.3546875000000001 0.8515625 0.3703125000000001 0.8515625
0 0.3625000000000001 0.7875 0.34843750000000007 0.7875 0.34843750000000007 0.8046875 0.3625000000000001 0.8046875
0 0.3171875 0.08281250000000004 0.2578125 0.08281250000000002 0.2578125 0.2578125 0.3171875 0.2578125
1 0.528125 0.04687500000000004 0.1140625 0.046875000000000014 0.11406250000000002 0.26875000000000004 0.528125 0.2687500000000001
1 0.5171875 0.403125 0.2531250000000001 0.403125 0.2531250000000001 0.5875 0.5171875 0.5875
1 0.48437500000000017 0.78125 0.2812500000000001 0.78125 0.2812500000000001 0.9 0.48437500000000017 0.9
0 0.3671875000000001 0.7875 0.3453125000000001 0.7875 0.3453125000000001 0.8515625 0.3671875000000001 0.8515625
0 0.3546875000000001 0.4328125 0.3140625000000001 0.4328125 0.3140625000000001 0.5484375 0.3546875000000001 0.5484375