2 0.3125000000000001 0.5578125 0.2250000000000001 0.5578125 0.2250000000000001 0.60625 0.3125000000000001 0.60625
2 0.603125 0.3625000000000001 0.525 0.3625000000000001 0.525 0.3906250000000001 0.603125 0.3906250000000001
3 0.59375 0.27031250000000007 0.5421875 0.27031250000000007 0.5421875 0.3421875000000001 0.59375 0.3421875000000001
3 0.31718750000000007 0.4171875 0.2453125000000001 0.4171875 0.2453125000000001 0.5328125 0.31718750000000007 0.5328125
0 0.2593750000000001 0.3765625 0.19843750000000004 0.3765625 0.19843750000000004 0.4171875 0.2593750000000001 0.4171875
0 0.553125 0.2390625000000001 0.509375 0.2390625000000001 0.509375 0.2671875000000001 0.553125 0.2671875000000001
0 0.640625 0.25468750000000007 0.5984375 0.25468750000000007 0.5984375 0.2828125000000001 0.640625 0.2828125000000001
0 0.3687500000000001 0.425 0.31718750000000007 0.425 0.31718750000000007 0.4515625 0.3687500000000001 0.4515625
0 0.6421875 0.2375000000000001 0.5078125 0.2375000000000001 0.5078125 0.2843750000000001 0.6421875 0.2843750000000001
0 0.37187500000000007 0.37500000000000006 0.19531250000000006 0.375 0.19531250000000006 0.453125 0.37187500000000007 0.453125
1 0.665625 0.12812500000000007 0.475 0.12812500000000004 0.475 0.465625 0.665625 0.465625
1 0.38125000000000003 0.23437500000000006 0.12812500000000004 0.234375 0.12812500000000007 0.678125 0.3812500000000001 0.678125