2 0.425 0.20468750000000008 0.3796875 0.20468750000000008 0.3796875 0.2671875000000001 0.425 0.2671875000000001
2 0.3687500000000001 0.7 0.3156250000000001 0.7 0.3156250000000001 0.7875 0.3687500000000001 0.7875
3 0.3640625 0.19687500000000005 0.3234375 0.19687500000000005 0.3234375 0.25625000000000003 0.3640625 0.2562500000000001
3 0.3046875000000001 0.7046875 0.2140625000000001 0.7046875 0.2140625000000001 0.7671875 0.3046875000000001 0.7671875
0 0.29375 0.14687500000000003 0.2640625 0.14687500000000003 0.2640625 0.19062500000000004 0.29375 0.19062500000000004
0 0.28125 0.24375 0.253125 0.24375 0.253125 0.2875 0.28125 0.2875
0 0.2578125000000001 0.646875 0.2234375000000001 0.646875 0.2234375000000001 0.696875 0.2578125000000001 0.696875
0 0.2171875000000001 0.7578125 0.1921875000000001 0.7578125 0.1921875000000001 0.809375 0.2171875000000001 0.809375
0 0.2593750000000001 0.646875 0.18906250000000008 0.646875 0.18906250000000008 0.8109375 0.2593750000000001 0.8109375
1 0.4546875000000001 0.61875 0.08750000000000006 0.61875 0.08750000000000009 0.85625 0.4546875000000002 0.85625
1 0.48125 0.13281250000000006 0.196875 0.13281250000000006 0.19687500000000002 0.32656250000000003 0.48125 0.3265625000000001