2 0.6578125 0.4515625 0.5953125 0.4515625 0.5953125 0.5328125 0.6578125 0.5328125
2 0.7750000000000001 0.6640625000000001 0.715625 0.6640625 0.7156250000000001 0.7484375000000001 0.7750000000000001 0.7484375000000002
2 0.534375 0.21250000000000008 0.496875 0.21250000000000008 0.496875 0.2984375000000001 0.534375 0.2984375000000001
3 0.7671875 0.4453125000000001 0.6703125 0.4453125 0.6703125 0.5125000000000001 0.7671875 0.5125000000000002
3 0.6453125 0.22031250000000008 0.55 0.22031250000000008 0.55 0.28593750000000007 0.6453125 0.28593750000000007
3 0.921875 0.6687500000000002 0.7953125 0.6687500000000002 0.7953125000000001 0.7328125000000002 0.921875 0.7328125000000002
0 0.7875 0.3781250000000001 0.7453125 0.3781250000000001 0.7453125 0.4343750000000002 0.7875 0.4343750000000002
0 0.925 0.6140625000000002 0.890625 0.6140625000000002 0.890625 0.6640625000000002 0.925 0.6640625000000002
0 0.671875 0.2734375000000001 0.64375 0.2734375000000001 0.64375 0.3109375000000001 0.671875 0.3109375000000001
0 0.9625 0.7312500000000002 0.91875 0.7312500000000002 0.91875 0.7906250000000001 0.9625 0.7906250000000001
0 0.965625 0.6109375000000001 0.8875 0.6109375000000001 0.8875 0.7906250000000001 0.965625 0.7906250000000001
0 0.653125 0.1593750000000001 0.63125 0.1593750000000001 0.63125 0.2250000000000001 0.653125 0.2250000000000001
0 0.821875 0.3781250000000001 0.74375 0.3781250000000001 0.74375 0.5375000000000002 0.821875 0.5375000000000002
0 0.81875 0.4937500000000002 0.7796875 0.4937500000000002 0.7796875 0.5343750000000002 0.81875 0.5343750000000002
1 1 0.5921875000000001 0.6625 0.5921875 0.6625000000000001 0.8578125 1 0.8578125
1 0.9671875 0.3468750000000001 0.5390625 0.3468750000000001 0.5390625 0.5718750000000001 0.9671875 0.5718750000000001
1 0.7875 0.12187500000000007 0.434375 0.12187500000000004 0.434375 0.32500000000000007 0.7875 0.32500000000000007
0 0.675 0.15625000000000008 0.6328125 0.15625000000000008 0.6328125 0.30937500000000007 0.675 0.30937500000000007