1 0.4375 0.17812500000000003 0.1671875 0.178125 0.16718750000000004 0.634375 0.4375 0.634375
2 0.88125 0.6093750000000002 0.8234375 0.6093750000000002 0.8234375 0.6468750000000002 0.88125 0.6468750000000002
2 0.3765625000000001 0.490625 0.3078125000000001 0.490625 0.3078125000000001 0.546875 0.3765625000000001 0.546875
3 0.38593750000000004 0.34218750000000003 0.321875 0.3421875 0.321875 0.459375 0.3859375000000001 0.459375
3 0.8796875 0.5406250000000001 0.8328125 0.5406250000000001 0.8328125 0.6046875000000002 0.8796875 0.6046875000000002
0 0.4234375 0.3578125000000001 0.3828125 0.3578125000000001 0.38281250000000006 0.3937500000000001 0.4234375 0.3937500000000001
0 0.3265625 0.3046875 0.2734375 0.3046875 0.2734375 0.3421875 0.3265625 0.3421875
0 0.9171875 0.5265625000000002 0.8796875 0.5265625000000002 0.8796875 0.5515625000000002 0.9171875 0.5515625000000002
0 0.8375 0.5234375000000002 0.80625 0.5234375000000002 0.80625 0.5468750000000002 0.8375 0.5468750000000002
0 0.425 0.30156250000000007 0.271875 0.3015625 0.27187500000000003 0.39375000000000004 0.425 0.3937500000000001
0 0.91875 0.5203125000000002 0.8046875 0.5203125000000002 0.8046875 0.5531250000000002 0.91875 0.5531250000000002
1 0.9375 0.44062500000000016 0.7875 0.44062500000000016 0.7875 0.6937500000000002 0.9375 0.6937500000000002