2 0.6703125 0.1359375000000001 0.634375 0.1359375000000001 0.634375 0.22031250000000008 0.6703125 0.22031250000000008
2 0.7078125000000002 0.790625 0.6765625000000002 0.790625 0.6765625000000002 0.865625 0.7078125000000002 0.865625
3 0.7703125 0.14843750000000008 0.690625 0.14843750000000008 0.690625 0.21093750000000008 0.7703125 0.21093750000000008
3 0.7906250000000001 0.803125 0.7218750000000002 0.803125 0.7218750000000002 0.85625 0.7906250000000001 0.85625
0 0.8125 0.10468750000000009 0.778125 0.10468750000000009 0.778125 0.1515625000000001 0.8125 0.1515625000000001
0 0.7921875 0.20468750000000008 0.7609375 0.20468750000000008 0.7609375 0.2484375000000001 0.7921875 0.2484375000000001
0 0.8171875 0.8515625 0.7937500000000002 0.8515625 0.7937500000000002 0.878125 0.8171875 0.878125
0 0.803125 0.7640625000000002 0.7812500000000002 0.7640625000000002 0.7812500000000002 0.80625 0.803125 0.80625
0 0.8140625 0.10156250000000008 0.7609375 0.10156250000000008 0.7609375 0.2515625000000001 0.8140625 0.2515625000000001
0 0.81875 0.7625000000000002 0.7781250000000002 0.7625000000000002 0.7781250000000002 0.88125 0.81875 0.88125
1 0.8984375 0.7390625000000001 0.6296875000000002 0.7390625 0.6296875000000002 0.909375 0.8984375 0.909375
1 0.9109375 0.07656250000000009 0.575 0.07656250000000006 0.575 0.26250000000000007 0.9109375 0.26250000000000007