2 0.8109375 0.5015625000000001 0.7359375 0.5015625000000001 0.7359375 0.5484375000000001 0.8109375 0.5484375000000001
2 0.3000000000000001 0.496875 0.2078125000000001 0.496875 0.2078125000000001 0.54375 0.3000000000000001 0.54375
3 0.7984375 0.5593750000000002 0.7453125 0.5593750000000002 0.7453125 0.6500000000000001 0.7984375 0.6500000000000001
3 0.28593750000000007 0.5703125 0.2140625000000001 0.5703125 0.2140625000000001 0.690625 0.28593750000000007 0.690625
0 0.3343750000000001 0.665625 0.2796875000000001 0.665625 0.2796875000000001 0.703125 0.3343750000000001 0.703125
0 0.21250000000000008 0.6640625 0.1546875000000001 0.6640625 0.1546875000000001 0.7015625 0.21250000000000008 0.7015625
0 0.8296875 0.6375000000000002 0.7921875 0.6375000000000002 0.7921875 0.6578125000000001 0.8296875 0.6578125000000001
0 0.7375 0.6203125 0.6875 0.6203125 0.6875 0.6421875000000001 0.7375 0.6421875000000001
0 0.3375000000000001 0.6625 0.1531250000000001 0.6625 0.1531250000000001 0.7078125 0.3375000000000001 0.7078125
1 0.3703125000000001 0.4421875 0.12968750000000004 0.4421875 0.12968750000000007 0.8421875 0.3703125000000001 0.8421875
1 0.8515625 0.4515625000000001 0.6484375 0.4515625 0.6484375000000001 0.7953125000000001 0.8515625 0.7953125000000002