2 0.3812500000000001 0.39843750000000006 0.3531250000000001 0.3984375 0.3531250000000001 0.446875 0.3812500000000001 0.446875
2 0.37968750000000007 0.609375 0.3531250000000001 0.609375 0.3531250000000001 0.6546875 0.37968750000000007 0.6546875
3 0.4453125 0.4046875 0.38750000000000007 0.4046875 0.38750000000000007 0.4390625 0.4453125 0.4390625
3 0.45 0.6109375 0.3906250000000001 0.6109375 0.3906250000000001 0.6453125 0.45 0.6453125
0 0.4703125 0.634375 0.4453125 0.634375 0.4453125 0.665625 0.4703125 0.665625
0 0.4578125 0.5828125 0.434375 0.5828125 0.434375 0.6109375 0.4578125 0.6109375
0 0.459375 0.4328125 0.434375 0.4328125 0.434375 0.4625 0.459375 0.4625
0 0.446875 0.3750000000000001 0.425 0.3750000000000001 0.425 0.40625 0.446875 0.40625
0 0.465625 0.3734375000000001 0.425 0.3734375000000001 0.425 0.4625 0.465625 0.4625
0 0.4734375 0.5828125 0.434375 0.5828125 0.434375 0.6671875 0.4734375 0.6671875
1 0.55625 0.5765625 0.3187500000000001 0.5765625 0.3187500000000001 0.690625 0.55625 0.690625
1 0.5375 0.36406250000000007 0.3156250000000001 0.3640625 0.3156250000000001 0.475 0.5375 0.475