2 0.7234375 0.40625 0.6390625 0.40625 0.6390625 0.446875 0.7234375 0.446875
2 0.2921875 0.2609375 0.2109375 0.2609375 0.2109375 0.2953125 0.2921875 0.2953125
3 0.709375 0.3125000000000001 0.6484375 0.3125000000000001 0.6484375 0.38750000000000007 0.709375 0.38750000000000007
3 0.26875 0.15312500000000004 0.209375 0.15312500000000004 0.209375 0.2453125 0.26875 0.2453125
0 0.30625 0.13593750000000004 0.2625 0.13593750000000004 0.2625 0.15937500000000004 0.30625 0.15937500000000004
0 0.209375 0.1453125 0.1703125 0.1453125 0.1703125 0.16718750000000002 0.209375 0.16718750000000004
0 0.7546875 0.27031250000000007 0.7109375 0.27031250000000007 0.7109375 0.2968750000000001 0.7546875 0.2968750000000001
0 0.3078125 0.13437500000000002 0.16875 0.134375 0.16875 0.16875 0.3078125 0.16875000000000004
0 0.6546875 0.3000000000000001 0.6078125 0.3000000000000001 0.6078125 0.31718750000000007 0.6546875 0.31718750000000007
1 0.340625 0.02343750000000003 0.15 0.023437500000000017 0.15000000000000002 0.3484375 0.340625 0.3484375
1 0.79375 0.13281250000000008 0.5796875 0.13281250000000008 0.5796875 0.5015625000000001 0.79375 0.5015625000000001