1 0.23125 1.8082675393660138e-17 0.0640625 7.845393557037732e-18 0.06406250000000001 0.2484375 0.23125 0.2484375
2 0.78125 0.3531250000000001 0.7125 0.3531250000000001 0.7125 0.40312500000000007 0.78125 0.4031250000000002
2 0.2078125 0.16406250000000003 0.1640625 0.1640625 0.16406250000000003 0.19687500000000002 0.2078125 0.19687500000000005
2 0.475 0.3656250000000001 0.446875 0.3656250000000001 0.446875 0.3828125000000001 0.475 0.3828125000000001
3 0.7703125 0.2656250000000001 0.709375 0.2656250000000001 0.709375 0.3359375000000001 0.7703125 0.3359375000000001
3 0.209375 0.08437500000000002 0.165625 0.08437500000000002 0.165625 0.15468750000000003 0.209375 0.15468750000000003
3 0.4734375 0.3265625000000001 0.45 0.3265625000000001 0.45 0.3625000000000001 0.4734375 0.3625000000000001
0 0.8203125 0.2218750000000001 0.76875 0.2218750000000001 0.76875 0.2500000000000001 0.8203125 0.2500000000000001
0 0.1640625 0.051562500000000025 0.1234375 0.051562500000000025 0.1234375 0.07812500000000003 0.1640625 0.07812500000000003
0 0.2203125 0.07343750000000002 0.196875 0.07343750000000002 0.196875 0.09531250000000002 0.2203125 0.09531250000000002
0 0.45 0.3218750000000001 0.434375 0.3218750000000001 0.434375 0.33281250000000007 0.45 0.33281250000000007
0 0.4796875 0.3187500000000001 0.4671875 0.3187500000000001 0.4671875 0.3296875000000001 0.4796875 0.3296875000000001
0 0.7203125 0.2484375000000001 0.6671875 0.2484375000000001 0.6671875 0.2687500000000001 0.7203125 0.2687500000000001
0 0.8234375 0.22031250000000008 0.6640625 0.22031250000000008 0.6640625 0.2687500000000001 0.8234375 0.2687500000000001
0 0.2234375 0.050000000000000024 0.121875 0.050000000000000024 0.121875 0.09687500000000002 0.2234375 0.09687500000000002
0 0.48125 0.31718750000000007 0.434375 0.31718750000000007 0.434375 0.3343750000000001 0.48125 0.3343750000000001
1 0.846875 0.10000000000000009 0.65625 0.10000000000000009 0.65625 0.4531250000000001 0.846875 0.45312500000000017
1 0.4859375 0.2750000000000001 0.4140625 0.2750000000000001 0.4140625 0.4046875 0.4859375 0.4046875