2 0.7453125 0.3968750000000001 0.665625 0.3968750000000001 0.665625 0.4281250000000001 0.7453125 0.4281250000000002
2 0.5015625 0.5046875 0.45 0.5046875 0.45 0.5328125 0.5015625 0.5328125
2 0.30625 0.328125 0.2625 0.328125 0.2625 0.3515625 0.30625 0.3515625
2 0.16875000000000004 0.3921875 0.13593750000000004 0.3921875 0.13593750000000004 0.4140625 0.16875000000000004 0.4140625
3 0.7359375 0.2750000000000001 0.671875 0.2750000000000001 0.671875 0.3781250000000001 0.7359375 0.3781250000000001
3 0.4921875 0.434375 0.4515625 0.434375 0.4515625 0.5 0.4921875 0.5
3 0.303125 0.275 0.271875 0.275 0.271875 0.3234375 0.303125 0.3234375
3 0.17656250000000004 0.3484375 0.15156250000000004 0.3484375 0.15156250000000004 0.3921875 0.17656250000000004 0.3921875
0 0.7875 0.2484375000000001 0.734375 0.2484375000000001 0.734375 0.2875000000000001 0.7875 0.2875000000000001
0 0.678125 0.2640625000000001 0.63125 0.2640625000000001 0.63125 0.2968750000000001 0.678125 0.2968750000000001
0 0.3359375 0.2703125 0.309375 0.2703125 0.309375 0.2875 0.3359375 0.2875
0 0.446875 0.4265625 0.421875 0.4265625 0.421875 0.446875 0.446875 0.446875
0 0.50625 0.4125 0.4828125 0.4125 0.4828125 0.434375 0.50625 0.434375
0 0.2828125 0.2578125 0.2625 0.2578125 0.2625 0.275 0.2828125 0.275
0 0.16093750000000004 0.3296875 0.14375000000000004 0.3296875 0.14375000000000004 0.3453125 0.16093750000000004 0.3453125
0 0.790625 0.2453125000000001 0.628125 0.2453125000000001 0.628125 0.2984375000000001 0.790625 0.2984375000000001
0 0.509375 0.4125 0.4203125 0.4125 0.4203125 0.446875 0.509375 0.446875
0 0.19687500000000005 0.35625 0.18281250000000004 0.35625 0.18281250000000004 0.36875 0.19687500000000005 0.36875
1 0.8203125 0.1359375000000001 0.6125 0.1359375000000001 0.6125 0.4937500000000001 0.8203125 0.4937500000000002
1 0.36562500000000003 0.18750000000000006 0.2484375 0.18750000000000006 0.24843750000000003 0.38125000000000003 0.3656250000000001 0.3812500000000001
1 0.5375 0.3515625000000001 0.4109375 0.3515625000000001 0.4109375 0.5671875 0.5375 0.5671875
1 0.20781250000000004 0.2859375 0.09843750000000004 0.2859375 0.09843750000000004 0.434375 0.2078125000000001 0.434375