1 0.928125 0.0984375000000001 0.721875 0.0984375000000001 0.721875 0.4781250000000001 0.928125 0.4781250000000002
2 0.321875 0.3 0.2421875 0.3 0.2421875 0.3484375 0.321875 0.3484375
2 0.8328125 0.3703125000000001 0.7609375 0.3703125000000001 0.7609375 0.42500000000000016 0.8328125 0.42500000000000016
3 0.321875 0.2046875 0.26875 0.2046875 0.26875 0.2890625 0.321875 0.2890625
3 0.834375 0.2515625000000001 0.775 0.2515625000000001 0.775 0.3593750000000001 0.834375 0.3593750000000001
0 0.275 0.16250000000000003 0.23125 0.16250000000000003 0.23125 0.19687500000000005 0.275 0.19687500000000005
0 0.884375 0.24375000000000008 0.840625 0.24375000000000008 0.840625 0.27812500000000007 0.884375 0.27812500000000007
0 0.3609375 0.19843750000000004 0.325 0.19843750000000004 0.325 0.2234375 0.3609375 0.2234375
0 0.784375 0.2453125000000001 0.74375 0.2453125000000001 0.74375 0.2734375000000001 0.784375 0.2734375000000001
0 0.3625 0.16250000000000003 0.2296875 0.16250000000000003 0.2296875 0.2265625 0.3625 0.2265625
0 0.8859375 0.2406250000000001 0.7421875 0.2406250000000001 0.7421875 0.2796875000000001 0.8859375 0.2796875000000001
1 0.37500000000000006 0.05781250000000003 0.159375 0.057812500000000024 0.15937500000000002 0.4046875 0.3750000000000001 0.4046875