2 0.3125000000000001 0.5734375 0.21875000000000008 0.5734375 0.21875000000000008 0.6125 0.3125000000000001 0.6125
2 0.6484375 0.56875 0.590625 0.56875 0.590625 0.590625 0.6484375 0.590625
3 0.3000000000000001 0.63125 0.22812500000000008 0.63125 0.22812500000000008 0.740625 0.3000000000000001 0.740625
3 0.6578125 0.603125 0.6078125 0.603125 0.6078125 0.684375 0.6578125 0.684375
0 0.22812500000000008 0.7296875 0.1703125000000001 0.7296875 0.1703125000000001 0.7640625 0.22812500000000008 0.7640625
0 0.621875 0.684375 0.584375 0.684375 0.584375 0.7125 0.621875 0.7125
0 0.690625 0.6671875 0.659375 0.6671875 0.659375 0.6890625 0.690625 0.6890625
0 0.3437500000000001 0.71875 0.2875000000000001 0.71875 0.2875000000000001 0.7375 0.3437500000000001 0.7375
0 0.6921875 0.6671875 0.5828125 0.6671875 0.5828125 0.7140625 0.6921875 0.7140625
0 0.3453125000000001 0.71875 0.1687500000000001 0.71875 0.1687500000000001 0.7671875 0.3453125000000001 0.7671875
1 0.3609375000000001 0.5 0.12500000000000006 0.5 0.12500000000000008 0.921875 0.3609375000000001 0.921875
1 0.7000000000000001 0.5140625 0.528125 0.5140625 0.5281250000000001 0.8234375 0.7000000000000002 0.8234375