2 0.3953125 0.21718750000000003 0.3625 0.2171875 0.3625 0.22812500000000005 0.3953125 0.22812500000000008
2 0.42500000000000016 0.803125 0.3937500000000001 0.803125 0.3937500000000001 0.815625 0.42500000000000016 0.815625
2 0.85625 0.21250000000000008 0.821875 0.21250000000000008 0.821875 0.2218750000000001 0.85625 0.2218750000000001
2 0.6890625 0.22031250000000008 0.6625 0.22031250000000008 0.6625 0.22812500000000008 0.6890625 0.22812500000000008
2 0.221875 0.209375 0.19375000000000003 0.209375 0.19375000000000003 0.2203125 0.221875 0.2203125
2 0.2484375000000001 0.5109375 0.21875000000000008 0.5109375 0.21875000000000008 0.521875 0.2484375000000001 0.521875
2 0.40625 0.5015625 0.3750000000000001 0.5015625 0.3750000000000001 0.5109375 0.40625 0.5109375
2 0.31718750000000007 0.709375 0.2890625000000001 0.709375 0.2890625000000001 0.7171875 0.31718750000000007 0.7171875
2 0.84375 0.5437500000000002 0.8125 0.5437500000000002 0.8125 0.5515625000000002 0.84375 0.5515625000000002
2 0.8703125 0.815625 0.8375 0.815625 0.8375 0.825 0.8703125 0.825
2 0.2406250000000001 0.825 0.21875000000000008 0.825 0.21875000000000008 0.834375 0.2406250000000001 0.834375
2 0.690625 0.5421875 0.6625 0.5421875 0.6625 0.5515625 0.690625 0.5515625
2 0.7671875 0.4546875000000002 0.7484375 0.4546875000000002 0.7484375 0.46406250000000016 0.7671875 0.46406250000000016
2 0.315625 0.15156250000000004 0.296875 0.15156250000000004 0.296875 0.16093750000000004 0.315625 0.16093750000000004
2 0.7578125000000002 0.7296875000000002 0.7312500000000002 0.7296875000000002 0.7312500000000002 0.7390625000000002 0.7578125000000002 0.7390625000000002
2 0.7921875 0.15000000000000008 0.775 0.15000000000000008 0.775 0.15781250000000008 0.7921875 0.15781250000000008
2 0.3281250000000001 0.421875 0.3078125000000001 0.421875 0.3078125000000001 0.43125 0.3281250000000001 0.43125
3 0.2406250000000001 0.7984375 0.2171875000000001 0.7984375 0.2171875000000001 0.821875 0.2406250000000001 0.821875
3 0.3281250000000001 0.4046875 0.30937500000000007 0.4046875 0.30937500000000007 0.41875 0.3281250000000001 0.41875
3 0.8546875 0.19531250000000008 0.8296875 0.19531250000000008 0.8296875 0.21093750000000008 0.8546875 0.21093750000000008
3 0.6968750000000001 0.8234375 0.6718750000000002 0.8234375 0.6718750000000002 0.84375 0.6968750000000001 0.84375
3 0.3140625000000001 0.6890625 0.2921875000000001 0.6890625 0.2921875000000001 0.7078125 0.3140625000000001 0.7078125
3 0.41718750000000016 0.7828125 0.3937500000000001 0.7828125 0.3937500000000001 0.8 0.41718750000000016 0.8
3 0.2468750000000001 0.490625 0.2250000000000001 0.490625 0.2250000000000001 0.5109375 0.2468750000000001 0.5109375
3 0.771875 0.43750000000000017 0.7515625 0.43750000000000017 0.7515625 0.45312500000000017 0.771875 0.45312500000000017
3 0.2234375 0.18906250000000005 0.2015625 0.18906250000000005 0.2015625 0.2078125 0.2234375 0.2078125
3 0.840625 0.5234375000000002 0.815625 0.5234375000000002 0.815625 0.5406250000000001 0.840625 0.5406250000000001
3 0.4046875 0.4828125 0.3812500000000001 0.4828125 0.3812500000000001 0.5 0.4046875 0.5
3 0.390625 0.19531250000000006 0.3671875 0.19531250000000006 0.3671875 0.2140625000000001 0.390625 0.2140625000000001
3 0.790625 0.1296875000000001 0.771875 0.1296875000000001 0.771875 0.1468750000000001 0.790625 0.1468750000000001
3 0.8640625 0.7968750000000002 0.8390625 0.7968750000000002 0.8390625 0.8140625 0.8640625 0.8140625
3 0.6890625 0.1984375000000001 0.665625 0.1984375000000001 0.665625 0.21875000000000008 0.6890625 0.21875000000000008
3 0.3203125 0.12968750000000004 0.2984375 0.12968750000000004 0.2984375 0.14843750000000006 0.3203125 0.14843750000000006
3 0.753125 0.7125000000000001 0.7328125 0.7125000000000001 0.7328125000000001 0.7296875000000002 0.7531250000000002 0.7296875000000002
3 0.6875 0.521875 0.6640625 0.521875 0.6640625 0.540625 0.6875 0.540625
0 0.8359375 0.18750000000000008 0.81875 0.18750000000000008 0.81875 0.19531250000000008 0.8359375 0.19531250000000008
0 0.875 0.1906250000000001 0.8578125 0.1906250000000001 0.8578125 0.1984375000000001 0.875 0.1984375000000001
0 0.409375 0.19062500000000004 0.3921875 0.19062500000000004 0.3921875 0.19843750000000004 0.409375 0.19843750000000004
0 0.36875 0.19062500000000004 0.353125 0.19062500000000004 0.353125 0.19843750000000004 0.36875 0.19843750000000004
0 0.8578125 0.5187500000000002 0.840625 0.5187500000000002 0.840625 0.5265625000000002 0.8578125 0.5265625000000002
0 0.840625 0.7906250000000001 0.821875 0.7906250000000001 0.821875 0.7984375000000001 0.840625 0.7984375000000001
0 0.66875 0.1937500000000001 0.653125 0.1937500000000001 0.653125 0.2015625000000001 0.66875 0.2015625000000001
0 0.2312500000000001 0.484375 0.2156250000000001 0.484375 0.2156250000000001 0.490625 0.2312500000000001 0.490625
0 0.88125 0.7906250000000001 0.8625 0.7906250000000001 0.8625 0.7984375000000001 0.88125 0.7984375000000001
0 0.4234375 0.4796875 0.4078125 0.4796875 0.4078125 0.4875 0.4234375 0.4875
0 0.7046875 0.51875 0.6890625 0.51875 0.6890625 0.525 0.7046875 0.525
0 0.203125 0.18281250000000004 0.18906250000000005 0.18281250000000004 0.18906250000000005 0.19062500000000004 0.203125 0.19062500000000004
0 0.2375 0.18593750000000003 0.2234375 0.18593750000000003 0.2234375 0.19218750000000004 0.2375 0.19218750000000004
0 0.4312500000000002 0.775 0.41406250000000017 0.775 0.41406250000000017 0.7828125 0.4312500000000002 0.7828125
0 0.32500000000000007 0.6859375 0.3109375000000001 0.6859375 0.3109375000000001 0.6921875 0.32500000000000007 0.6921875
0 0.29375000000000007 0.6859375 0.27812500000000007 0.6859375 0.27812500000000007 0.6921875 0.29375000000000007 0.6921875
0 0.81875 0.5171875000000001 0.803125 0.5171875000000001 0.803125 0.5250000000000001 0.81875 0.5250000000000001
0 0.3046875 0.12812500000000004 0.2890625 0.12812500000000004 0.2890625 0.13437500000000005 0.3046875 0.13437500000000005
0 0.703125 0.19531250000000008 0.690625 0.19531250000000008 0.690625 0.20312500000000008 0.703125 0.20312500000000008
0 0.3390625000000001 0.4 0.3265625000000001 0.4 0.3265625000000001 0.4046875 0.3390625000000001 0.4046875
0 0.7156250000000002 0.8234375 0.7000000000000002 0.8234375 0.7000000000000002 0.83125 0.7156250000000002 0.83125
0 0.3859375000000001 0.4765625 0.3703125000000001 0.4765625 0.3703125000000001 0.4828125 0.3859375000000001 0.4828125
0 0.771875 0.12656250000000008 0.75625 0.12656250000000008 0.75625 0.13437500000000008 0.771875 0.13437500000000008
0 0.734375 0.7093750000000001 0.7203125 0.709375 0.7203125 0.7156250000000001 0.734375 0.7156250000000002
0 0.2671875000000001 0.490625 0.2531250000000001 0.490625 0.2531250000000001 0.496875 0.2671875000000001 0.496875
0 0.66875 0.515625 0.6546875 0.515625 0.6546875 0.5234375 0.66875 0.5234375
0 0.765625 0.7078125000000002 0.7515625 0.7078125000000002 0.7515625 0.7156250000000002 0.765625 0.7156250000000002
0 0.8015625 0.1281250000000001 0.7890625 0.1281250000000001 0.7890625 0.13437500000000008 0.8015625 0.13437500000000008
0 0.7578125 0.42968750000000017 0.7453125 0.42968750000000017 0.7453125 0.4359375000000002 0.7578125 0.4359375000000002
0 0.3109375000000001 0.396875 0.2984375000000001 0.396875 0.2984375000000001 0.403125 0.3109375000000001 0.403125
0 0.7875 0.4359375000000002 0.7734375 0.4359375000000002 0.7734375 0.4421875000000002 0.7875 0.4421875000000002
0 0.6859375000000002 0.815625 0.6750000000000002 0.815625 0.6750000000000002 0.8234375 0.6859375000000002 0.8234375
0 0.25468750000000007 0.796875 0.2390625000000001 0.796875 0.2390625000000001 0.803125 0.25468750000000007 0.803125
0 0.3328125 0.12968750000000004 0.3203125 0.12968750000000004 0.3203125 0.13750000000000004 0.3328125 0.13750000000000004
0 0.8765625 0.18750000000000008 0.8171875 0.18750000000000008 0.8171875 0.2000000000000001 0.8765625 0.2000000000000001
0 0.33125000000000004 0.3578125 0.3171875 0.3578125 0.31718750000000007 0.365625 0.3312500000000001 0.365625
1 0.884375 0.1703125000000001 0.809375 0.1703125000000001 0.809375 0.2296875000000001 0.884375 0.2296875000000001
1 0.3296875000000001 0.6734375 0.2593750000000001 0.6734375 0.2593750000000001 0.728125 0.3296875000000001 0.728125
1 0.803125 0.10781250000000009 0.734375 0.10781250000000009 0.734375 0.16406250000000008 0.803125 0.16406250000000008
1 0.7109375 0.1781250000000001 0.6375 0.1781250000000001 0.6375 0.2375000000000001 0.7109375 0.2375000000000001
1 0.415625 0.17343750000000005 0.3453125 0.17343750000000005 0.3453125 0.23750000000000004 0.415625 0.2375000000000001
1 0.790625 0.4125000000000001 0.715625 0.4125 0.715625 0.46562500000000007 0.790625 0.4656250000000002
1 0.4421875000000002 0.7546875 0.3703125000000001 0.7546875 0.3703125000000001 0.8234375 0.4421875000000002 0.8234375
1 0.8921875 0.7687500000000002 0.8203125 0.7687500000000002 0.8203125 0.8359375 0.8921875 0.8359375
1 0.865625 0.5031250000000002 0.7921875 0.5031250000000002 0.7921875 0.5609375000000002 0.865625 0.5609375000000002
1 0.4328125 0.459375 0.3609375000000001 0.459375 0.3609375000000001 0.5171875 0.4328125 0.5171875
1 0.2750000000000001 0.4703125 0.2015625000000001 0.4703125 0.2015625000000001 0.528125 0.2750000000000001 0.528125
1 0.24375 0.16718750000000002 0.16875 0.1671875 0.16875 0.228125 0.24375 0.228125
1 0.7828125000000001 0.690625 0.715625 0.690625 0.7156250000000001 0.7468750000000001 0.7828125000000001 0.7468750000000002
1 0.3390625000000001 0.3796875 0.2718750000000001 0.3796875 0.2718750000000001 0.43125 0.3390625000000001 0.43125
1 0.7218750000000002 0.79375 0.6578125000000001 0.79375 0.6578125000000001 0.8546875 0.7218750000000002 0.8546875
1 0.2562500000000001 0.7671875 0.1687500000000001 0.7671875 0.1687500000000001 0.8453125 0.2562500000000001 0.8453125
1 0.71875 0.50625 0.646875 0.50625 0.646875 0.559375 0.71875 0.559375
1 0.334375 0.10781250000000005 0.2625 0.10781250000000005 0.2625 0.16562500000000005 0.334375 0.16562500000000005