1 0.8265625 0.7953125000000001 0.5968750000000002 0.7953125 0.5968750000000002 0.9140625 0.8265625 0.9140625
2 0.60625 0.007812500000000073 0.5703125 0.00781250000000007 0.5703125 0.09375000000000007 0.60625 0.09375000000000007
2 0.6718750000000002 0.80625 0.6406250000000002 0.80625 0.6406250000000002 0.85625 0.6718750000000002 0.85625
2 0.709375 0.3546875000000001 0.6765625 0.3546875000000001 0.6765625 0.4109375 0.709375 0.4109375
3 0.7312500000000002 0.815625 0.6812500000000001 0.815625 0.6812500000000001 0.85 0.7312500000000002 0.85
3 0.753125 0.3734375000000001 0.703125 0.3734375000000001 0.703125 0.4078125000000001 0.753125 0.4078125000000002
3 0.74375 0.5921875000000001 0.7046875 0.5921875 0.7046875 0.6156250000000001 0.74375 0.6156250000000002
3 0.725 0.025000000000000085 0.6234375 0.025000000000000078 0.6234375 0.09687500000000007 0.725 0.09687500000000009
0 0.7234375 0.09375000000000008 0.6921875 0.09375000000000008 0.6921875 0.1468750000000001 0.7234375 0.1468750000000001
0 0.753125 0.0015625000000000903 0.71875 0.0015625000000000881 0.71875 0.03125000000000009 0.753125 0.03125000000000009
0 0.7453125000000002 0.8640625 0.7234375000000002 0.8640625 0.7234375000000002 0.8953125 0.7453125000000002 0.8953125
0 0.7765625 0.3546875000000001 0.7578125 0.3546875000000001 0.7578125 0.3812500000000001 0.7765625 0.3812500000000001
0 0.75625 0.40937500000000016 0.7375 0.40937500000000016 0.7375 0.4359375000000002 0.75625 0.4359375000000002
0 0.771875 0.5906250000000002 0.75 0.5906250000000002 0.75 0.6093750000000002 0.771875 0.6093750000000002
0 0.75625 0.0015625000000000886 0.690625 0.0015625000000000847 0.690625 0.14843750000000008 0.75625 0.14843750000000008
0 0.73125 0.6250000000000001 0.7125 0.625 0.7125 0.6406250000000001 0.73125 0.6406250000000002
0 0.7796875 0.3500000000000001 0.7359375 0.3500000000000001 0.7359375 0.4390625000000002 0.7796875 0.4390625000000002
0 0.7453125000000002 0.803125 0.7265625000000002 0.803125 0.7265625000000002 0.828125 0.7453125000000002 0.828125
1 0.8375 0.3265625000000001 0.6375 0.3265625000000001 0.6375 0.4437500000000001 0.8375 0.4437500000000002
1 0.7984375 0.55 0.6484375 0.55 0.6484375 0.6640625000000001 0.7984375 0.6640625000000002
1 0.8765625 0.001562500000000085 0.5078125 0.0015625000000000625 0.5078125 0.17031250000000006 0.8765625 0.1703125000000001
0 0.7468750000000002 0.803125 0.7218750000000002 0.803125 0.7218750000000002 0.8953125 0.7468750000000002 0.8953125
2 0.7140625 0.5734375 0.6796875 0.5734375 0.6796875 0.5984375 0.7140625 0.5984375
0 0.771875 0.5906250000000001 0.7109375 0.590625 0.7109375 0.6406250000000001 0.771875 0.6406250000000002