2 0.565625 0.2234375000000001 0.53125 0.2234375000000001 0.53125 0.3218750000000001 0.565625 0.3218750000000001
2 0.6343750000000001 0.6796875 0.5875 0.6796875 0.5875000000000001 0.7890625 0.6343750000000001 0.7890625
3 0.7703125000000001 0.6796875000000001 0.65625 0.6796875 0.6562500000000001 0.7609375 0.7703125000000002 0.7609375000000002
3 0.703125 0.23437500000000008 0.590625 0.23437500000000008 0.590625 0.3140625000000001 0.703125 0.3140625000000001
0 0.8125 0.7609375000000002 0.7750000000000001 0.7609375000000002 0.7750000000000001 0.8265625 0.8125 0.8265625
0 0.7390625 0.17187500000000008 0.696875 0.17187500000000008 0.696875 0.2375000000000001 0.7390625 0.2375000000000001
0 0.734375 0.30937500000000007 0.690625 0.30937500000000007 0.690625 0.3656250000000001 0.734375 0.3656250000000001
0 0.7859375 0.6281250000000002 0.7515625 0.6281250000000002 0.7515625 0.6875000000000002 0.7859375 0.6875000000000002
0 0.7421875 0.1687500000000001 0.6890625 0.1687500000000001 0.6890625 0.3687500000000001 0.7421875 0.3687500000000001
0 0.8140625 0.6265625000000001 0.75 0.6265625000000001 0.7500000000000001 0.8296875 0.8140625 0.8296875
1 0.9671875 0.6093750000000001 0.5046875 0.609375 0.5046875000000001 0.89375 0.9671875 0.89375
1 0.9109375 0.14062500000000008 0.4515625 0.14062500000000006 0.4515625 0.3906250000000001 0.9109375 0.3906250000000001