2 0.30156250000000007 0.4234375 0.21875000000000008 0.4234375 0.21875000000000008 0.4625 0.30156250000000007 0.4625
2 0.625 0.3062500000000001 0.559375 0.3062500000000001 0.559375 0.3343750000000001 0.625 0.3343750000000001
3 0.29375000000000007 0.3171875 0.23125 0.3171875 0.23125000000000004 0.4078125 0.29375000000000007 0.4078125
3 0.6109375 0.2250000000000001 0.565625 0.2250000000000001 0.565625 0.29375000000000007 0.6109375 0.29375000000000007
0 0.3375 0.296875 0.29375 0.296875 0.29375 0.3296875 0.3375 0.3296875
0 0.2375 0.2859375 0.19375000000000003 0.2859375 0.19375000000000003 0.3203125 0.2375 0.3203125
0 0.6484375 0.20468750000000008 0.6109375 0.20468750000000008 0.6109375 0.22656250000000008 0.6484375 0.22656250000000008
0 0.5734375 0.2093750000000001 0.5484375 0.2093750000000001 0.5484375 0.2296875000000001 0.5734375 0.2296875000000001
0 0.340625 0.284375 0.19218750000000004 0.284375 0.19218750000000004 0.33125 0.340625 0.33125
0 0.6515625 0.20312500000000008 0.546875 0.20312500000000008 0.546875 0.2312500000000001 0.6515625 0.2312500000000001
1 0.684375 0.11718750000000007 0.534375 0.11718750000000004 0.534375 0.3828125000000001 0.684375 0.3828125000000001
1 0.35937500000000006 0.1921875 0.15937500000000004 0.1921875 0.15937500000000004 0.5171875 0.3593750000000001 0.5171875