1 0.80625 0.2609375000000001 0.540625 0.2609375000000001 0.540625 0.5328125000000001 0.80625 0.5328125000000001
2 0.5781250000000001 0.69375 0.5421875 0.69375 0.5421875 0.8453125 0.5781250000000002 0.8453125
2 0.6203125 0.3515625000000001 0.5921875 0.3515625000000001 0.5921875 0.4640625 0.6203125 0.4640625
3 0.7000000000000001 0.696875 0.603125 0.696875 0.6031250000000001 0.8171875 0.7000000000000002 0.8171875
3 0.70625 0.3687500000000001 0.628125 0.3687500000000001 0.628125 0.45625 0.70625 0.45625
0 0.7484375000000002 0.8015625 0.7078125000000002 0.8015625 0.7078125000000002 0.9140625 0.7484375000000002 0.9140625
0 0.7234375 0.6125 0.6921875 0.6125 0.6921875 0.6953125 0.7234375 0.6953125
0 0.7140625 0.31718750000000007 0.6953125 0.31718750000000007 0.6953125 0.3765625000000001 0.7140625 0.3765625000000001
0 0.70625 0.45 0.690625 0.45 0.690625 0.5 0.70625 0.5
0 0.7500000000000001 0.6062500000000001 0.690625 0.60625 0.690625 0.91875 0.7500000000000002 0.91875
1 0.8671875 0.58125 0.4796875 0.58125 0.4796875000000001 0.9921875 0.8671875 0.9921875
0 0.715625 0.31718750000000007 0.6921875 0.31718750000000007 0.6921875 0.5046875 0.715625 0.5046875