1 0.996875 0.1515625000000001 0.6703125 0.1515625000000001 0.6703125 0.46562500000000007 0.996875 0.4656250000000002
2 0.86875 0.3781250000000001 0.765625 0.3781250000000001 0.765625 0.4265625000000002 0.86875 0.4265625000000002
2 0.484375 0.3265625000000001 0.3875 0.3265625000000001 0.3875 0.3609375000000001 0.484375 0.3609375000000001
3 0.4921875 0.24218750000000008 0.409375 0.24218750000000008 0.409375 0.3125000000000001 0.4921875 0.3125000000000001
3 0.8671875 0.28593750000000007 0.7640625 0.28593750000000007 0.7640625 0.3656250000000001 0.8671875 0.3656250000000001
0 0.946875 0.2593750000000001 0.8484375 0.2593750000000001 0.8484375 0.2890625000000001 0.946875 0.2890625000000001
0 0.7609375 0.28593750000000007 0.6890625 0.28593750000000007 0.6890625 0.3109375000000001 0.7609375 0.3109375000000001
0 0.4171875 0.22343750000000004 0.3453125 0.2234375 0.3453125 0.24531250000000004 0.4171875 0.2453125000000001
0 0.571875 0.2375000000000001 0.5046875 0.2375000000000001 0.5046875 0.2578125000000001 0.571875 0.2578125000000001
0 0.9484375 0.2562500000000001 0.6859375 0.2562500000000001 0.6859375 0.3125000000000001 0.9484375 0.3125000000000001
0 0.5734375 0.22031250000000005 0.3421875 0.2203125 0.3421875 0.259375 0.5734375 0.2593750000000001
1 0.6015625 0.13593750000000007 0.265625 0.13593750000000004 0.26562500000000006 0.37812500000000004 0.6015625 0.3781250000000001