2 0.25625 0.2453125 0.18593750000000003 0.2453125 0.18593750000000003 0.284375 0.25625 0.284375
2 0.9203125 0.2593750000000001 0.828125 0.2593750000000001 0.828125 0.2984375000000001 0.9203125 0.2984375000000001
3 0.2484375 0.15312500000000004 0.1953125 0.15312500000000004 0.19531250000000003 0.2265625 0.2484375 0.2265625
3 0.90625 0.1281250000000001 0.8375 0.1281250000000001 0.8375 0.2375000000000001 0.90625 0.2375000000000001
0 0.9546875 0.09218750000000012 0.9 0.09218750000000012 0.9 0.13125000000000012 0.9546875 0.13125000000000014
0 0.2890625 0.14375000000000004 0.253125 0.14375000000000004 0.253125 0.16562500000000005 0.2890625 0.16562500000000005
0 0.84375 0.14218750000000008 0.796875 0.14218750000000008 0.796875 0.1671875000000001 0.84375 0.1671875000000001
0 0.2046875 0.12031250000000004 0.1875 0.12031250000000004 0.1875 0.14218750000000005 0.2046875 0.14218750000000005
0 0.95625 0.0906250000000001 0.7953125 0.0906250000000001 0.7953125 0.1671875000000001 0.95625 0.16718750000000013
0 0.2921875 0.11718750000000004 0.1859375 0.11718750000000004 0.1859375 0.16718750000000004 0.2921875 0.16718750000000004
1 0.328125 0.031250000000000035 0.1484375 0.03125000000000002 0.14843750000000003 0.3296875 0.328125 0.3296875
1 0.99375 0.0031250000000001095 0.7890625 0.0031250000000000973 0.7890625 0.36406250000000007 0.99375 0.36406250000000007