2 0.5140625000000001 0.69375 0.4953125 0.69375 0.4953125000000001 0.7671875 0.5140625000000002 0.7671875
2 0.5828125 0.3968750000000001 0.5640625 0.3968750000000001 0.5640625 0.471875 0.5828125 0.471875
3 0.5703125000000001 0.7015625 0.5203125 0.7015625 0.5203125000000001 0.7609375 0.5703125000000002 0.7609375
3 0.6390625 0.4140625 0.5859375 0.4140625 0.5859375 0.46875 0.6390625 0.46875
3 0.6125 0.415625 0.5875 0.415625 0.5875 0.46875 0.6125 0.46875
0 0.58125 0.6734375 0.5625 0.6734375 0.5625 0.7109375 0.58125 0.7109375
0 0.5750000000000002 0.7578125 0.5578125000000002 0.7578125 0.5578125000000002 0.8015625 0.5750000000000002 0.8015625
0 0.6390625 0.4609375 0.6265625 0.4609375 0.6265625 0.490625 0.6390625 0.490625
0 0.5828125000000001 0.6703125 0.5578125 0.6703125 0.5578125 0.8046875 0.5828125000000002 0.8046875
1 0.6984375 0.3671875000000001 0.5359375 0.3671875000000001 0.5359375 0.5046875 0.6984375 0.5046875
1 0.6343750000000001 0.653125 0.4703125 0.653125 0.4703125000000001 0.83125 0.6343750000000001 0.83125