2 0.8625 0.4468750000000002 0.759375 0.4468750000000002 0.759375 0.5125000000000002 0.8625 0.5125000000000002
2 0.34062500000000007 0.334375 0.3078125 0.334375 0.30781250000000004 0.3828125 0.34062500000000007 0.3828125
3 0.359375 0.275 0.321875 0.275 0.321875 0.334375 0.359375 0.334375
3 0.8390625 0.3000000000000001 0.7640625 0.3000000000000001 0.7640625 0.4187500000000002 0.8390625 0.4187500000000002
0 0.9 0.24375000000000008 0.828125 0.24375000000000008 0.828125 0.29375000000000007 0.9 0.29375000000000007
0 0.7546875 0.28593750000000007 0.7 0.28593750000000007 0.7 0.3265625000000001 0.7546875 0.3265625000000001
0 0.403125 0.2609375000000001 0.36875 0.2609375000000001 0.36875 0.2890625000000001 0.403125 0.2890625000000001
0 0.3390625 0.2421875 0.3140625 0.2421875 0.3140625 0.2671875 0.3390625 0.2671875
0 0.903125 0.24218750000000008 0.696875 0.24218750000000008 0.696875 0.3265625000000001 0.903125 0.3265625000000001
0 0.4046875 0.24062500000000003 0.3125 0.240625 0.3125 0.290625 0.4046875 0.2906250000000001
1 0.9546875 0.0750000000000001 0.6828125 0.0750000000000001 0.6828125 0.5750000000000001 0.9546875 0.5750000000000002
1 0.45 0.16406250000000006 0.29375 0.16406250000000006 0.29375000000000007 0.4359375 0.45 0.4359375