2 0.4796875 0.18593750000000003 0.4390625 0.18593750000000003 0.4390625 0.2765625000000001 0.4796875 0.2765625000000001
2 0.7093750000000002 0.846875 0.6687500000000002 0.846875 0.6687500000000002 0.8984375 0.7093750000000002 0.8984375
2 0.4859375 0.428125 0.4625 0.428125 0.4625 0.45625 0.4859375 0.45625
3 0.434375 0.20468750000000005 0.35 0.2046875 0.35 0.26406250000000003 0.434375 0.2640625000000001
3 0.6562500000000002 0.8484375 0.5718750000000001 0.8484375 0.5718750000000001 0.9015625 0.6562500000000002 0.9015625
3 0.4546875 0.428125 0.4140625 0.428125 0.4140625 0.45625 0.4546875 0.45625
3 0.453125 0.603125 0.415625 0.603125 0.415625 0.6265625 0.453125 0.6265625
0 0.3515625 0.253125 0.3296875 0.253125 0.3296875 0.290625 0.3515625 0.290625
0 0.3484375 0.16406250000000006 0.3265625 0.16406250000000006 0.3265625 0.2078125 0.3484375 0.2078125
0 0.5765625000000002 0.809375 0.5546875000000002 0.809375 0.5546875000000002 0.85 0.5765625000000002 0.85
0 0.5906250000000002 0.896875 0.5687500000000002 0.896875 0.5687500000000002 0.93125 0.5906250000000002 0.93125
0 0.4171875 0.453125 0.4015625 0.453125 0.4015625 0.471875 0.4171875 0.471875
0 0.41875 0.409375 0.403125 0.409375 0.403125 0.428125 0.41875 0.428125
0 0.434375 0.5859375 0.421875 0.5859375 0.421875 0.5984375 0.434375 0.5984375
0 0.5906250000000002 0.80625 0.5531250000000002 0.80625 0.5531250000000002 0.934375 0.5906250000000002 0.934375
0 0.4171875 0.61875 0.4046875 0.61875 0.4046875 0.634375 0.4171875 0.634375
0 0.353125 0.16250000000000003 0.3234375 0.16250000000000003 0.3234375 0.29375 0.353125 0.29375
0 0.4203125 0.4078125 0.3984375000000001 0.4078125 0.3984375000000001 0.471875 0.4203125 0.471875
1 0.5328125 0.11875000000000005 0.203125 0.11875000000000005 0.203125 0.31250000000000006 0.5328125 0.3125000000000001
1 0.7625000000000002 0.7546875000000001 0.45312500000000017 0.7546875 0.45312500000000017 0.9453125 0.7625000000000002 0.9453125
1 0.5 0.4 0.3531250000000001 0.4 0.3531250000000001 0.4796875 0.5 0.4796875
1 0.49375 0.5765625 0.3843750000000001 0.5765625 0.3843750000000001 0.6484375 0.49375 0.6484375