2 0.415625 0.45625 0.37187500000000007 0.45625 0.37187500000000007 0.490625 0.415625 0.490625
2 0.4140625 0.671875 0.3828125000000001 0.671875 0.3828125000000001 0.71875 0.4140625 0.71875
3 0.4796875 0.6796875 0.4203125 0.6796875 0.4203125 0.715625 0.4796875 0.715625
3 0.465625 0.4453125 0.40625 0.4453125 0.40625 0.4765625 0.465625 0.4765625
0 0.4640625 0.4125 0.4375 0.4125 0.4375 0.4375 0.4640625 0.4375
0 0.496875 0.4625 0.471875 0.4625 0.471875 0.484375 0.496875 0.484375
0 0.5 0.6640625 0.478125 0.6640625 0.478125 0.6890625 0.5 0.6890625
0 0.4875000000000001 0.715625 0.46875 0.715625 0.4687500000000001 0.7453125 0.48750000000000016 0.7453125
0 0.4984375 0.409375 0.4359375 0.409375 0.4359375 0.4859375 0.4984375 0.4859375
0 0.5015625000000001 0.6640625 0.4671875 0.6640625 0.4671875000000001 0.7484375 0.5015625000000001 0.7484375
1 0.5859375000000001 0.65 0.34843750000000007 0.65 0.34843750000000007 0.765625 0.5859375000000002 0.765625
1 0.553125 0.39687500000000003 0.3343750000000001 0.396875 0.3343750000000001 0.509375 0.553125 0.509375