2 0.33281250000000007 0.4640625 0.2562500000000001 0.4640625 0.2562500000000001 0.484375 0.33281250000000007 0.484375
2 0.603125 0.39531250000000007 0.528125 0.39531250000000007 0.528125 0.4203125 0.603125 0.4203125
3 0.58125 0.3546875000000001 0.5265625 0.3546875000000001 0.5265625 0.3968750000000001 0.58125 0.3968750000000001
3 0.3203125000000001 0.4140625 0.2640625000000001 0.4140625 0.2640625000000001 0.4609375 0.3203125000000001 0.4609375
0 0.2656250000000001 0.4078125 0.23437500000000008 0.4078125 0.23437500000000008 0.421875 0.2656250000000001 0.421875
0 0.5265625 0.3500000000000001 0.4875 0.3500000000000001 0.4875 0.36406250000000007 0.5265625 0.36406250000000007
0 0.3453125000000001 0.396875 0.3109375000000001 0.396875 0.3109375000000001 0.4125 0.3453125000000001 0.4125
0 0.590625 0.3375000000000001 0.56875 0.3375000000000001 0.56875 0.3500000000000001 0.590625 0.3500000000000001
0 0.3500000000000001 0.39375 0.2296875000000001 0.39375 0.2296875000000001 0.4234375 0.3500000000000001 0.4234375
0 0.5921875 0.3359375000000001 0.4859375 0.3359375000000001 0.4859375 0.3656250000000001 0.5921875 0.3656250000000001
1 0.35625000000000007 0.34375 0.19687500000000005 0.34375 0.19687500000000005 0.5140625 0.35625000000000007 0.5140625
1 0.625 0.2906250000000001 0.475 0.2906250000000001 0.475 0.44375 0.625 0.44375