2 0.85625 0.3703125000000001 0.7953125 0.3703125000000001 0.7953125 0.4187500000000002 0.85625 0.4187500000000002
2 0.58125 0.2906250000000001 0.5421875 0.2906250000000001 0.5421875 0.3234375000000001 0.58125 0.3234375000000001
2 0.3578125000000001 0.4109375 0.3125000000000001 0.4109375 0.3125000000000001 0.4421875 0.3578125000000001 0.4421875
3 0.8484375 0.2843750000000001 0.790625 0.2843750000000001 0.790625 0.3593750000000001 0.8484375 0.3593750000000001
3 0.5859375 0.2218750000000001 0.55 0.2218750000000001 0.55 0.2843750000000001 0.5859375 0.2843750000000001
3 0.35625000000000007 0.3421875 0.3203125 0.3421875 0.32031250000000006 0.4015625 0.35625000000000007 0.4015625
0 0.8984375 0.2500000000000001 0.8484375 0.2500000000000001 0.8484375 0.2828125000000001 0.8984375 0.2828125000000001
0 0.796875 0.2640625000000001 0.7546875 0.2640625000000001 0.7546875 0.2921875000000001 0.796875 0.2921875000000001
0 0.3828125 0.32812500000000006 0.3578125 0.328125 0.3578125 0.34843750000000007 0.3828125 0.34843750000000007
0 0.5578125 0.20468750000000008 0.5296875 0.20468750000000008 0.5296875 0.2234375000000001 0.5578125 0.2234375000000001
0 0.3234375 0.3203125 0.296875 0.3203125 0.296875 0.3421875 0.3234375 0.3421875
0 0.61875 0.2171875000000001 0.5890625 0.2171875000000001 0.5890625 0.2375000000000001 0.61875 0.2375000000000001
0 0.9 0.2484375000000001 0.753125 0.2484375000000001 0.753125 0.29375000000000007 0.9 0.29375000000000007
1 0.6359375 0.13906250000000006 0.5046875 0.13906250000000003 0.5046875 0.3687500000000001 0.6359375 0.3687500000000001
1 0.39687500000000003 0.24218750000000006 0.259375 0.2421875 0.259375 0.4609375 0.3968750000000001 0.4609375
1 0.9203125 0.14687500000000012 0.7375 0.1468750000000001 0.7375 0.4703125000000002 0.9203125 0.4703125000000002
0 0.3828125 0.32031250000000006 0.296875 0.3203125 0.296875 0.35000000000000003 0.3828125 0.3500000000000001
0 0.61875 0.20468750000000008 0.5296875 0.20468750000000008 0.5296875 0.2375000000000001 0.61875 0.2375000000000001