1 0.4296875 0.15468750000000003 0.2625 0.15468750000000003 0.2625 0.23906250000000004 0.4296875 0.2390625000000001
2 0.4875000000000001 0.6984375 0.45 0.6984375 0.45000000000000007 0.78125 0.48750000000000016 0.78125
2 0.3187500000000001 0.453125 0.29375000000000007 0.453125 0.29375000000000007 0.5046875 0.3187500000000001 0.5046875
2 0.30468750000000006 0.3421875 0.2828125 0.3421875 0.2828125 0.3796875 0.3046875000000001 0.3796875
2 0.4078125 0.17500000000000004 0.3859375 0.17500000000000004 0.3859375 0.21250000000000008 0.4078125 0.21250000000000008
3 0.43437500000000007 0.7109375 0.3437500000000001 0.7109375 0.3437500000000001 0.7703125 0.4343750000000002 0.7703125
3 0.2843750000000001 0.4578125 0.2328125000000001 0.4578125 0.2328125000000001 0.4953125 0.2843750000000001 0.4953125
3 0.275 0.340625 0.23125 0.340625 0.23125000000000004 0.36875 0.2750000000000001 0.36875
3 0.3828125 0.18437500000000004 0.3390625 0.18437500000000004 0.3390625 0.21093750000000006 0.3828125 0.21093750000000008
0 0.34843750000000007 0.7625 0.3140625000000001 0.7625 0.3140625000000001 0.8125 0.34843750000000007 0.8125
0 0.3593750000000001 0.6671875 0.3312500000000001 0.6671875 0.3312500000000001 0.7109375 0.3593750000000001 0.7109375
0 0.2312500000000001 0.4375 0.21250000000000008 0.4375 0.21250000000000008 0.4640625 0.2312500000000001 0.4640625
0 0.2328125000000001 0.4953125 0.2140625000000001 0.4953125 0.2140625000000001 0.521875 0.2328125000000001 0.521875
0 0.2453125 0.3140625 0.2296875 0.3140625 0.2296875 0.3359375 0.2453125 0.3359375
0 0.23437500000000006 0.3609375 0.21875 0.3609375 0.21875000000000006 0.38125 0.23437500000000008 0.38125
0 0.3375 0.16875000000000004 0.3203125 0.16875000000000004 0.3203125 0.18750000000000006 0.3375 0.18750000000000006
0 0.3609375000000001 0.6640625 0.3109375000000001 0.6640625 0.3109375000000001 0.815625 0.3609375000000001 0.815625
0 0.353125 0.2140625 0.3375 0.2140625 0.3375 0.2296875 0.353125 0.2296875
0 0.23593750000000008 0.4359375 0.21093750000000008 0.4359375 0.21093750000000008 0.5265625 0.23593750000000008 0.5265625
0 0.3546875 0.16718750000000004 0.321875 0.16718750000000004 0.321875 0.2296875 0.3546875 0.2296875
1 0.3593750000000001 0.4234375 0.13750000000000004 0.4234375 0.13750000000000007 0.5578125 0.3593750000000001 0.5578125
1 0.55 0.646875 0.1843750000000001 0.646875 0.1843750000000001 0.8453125 0.5500000000000002 0.8453125
1 0.33906250000000004 0.30625 0.16718750000000004 0.30625 0.16718750000000004 0.4046875 0.3390625000000001 0.4046875
0 0.24375000000000005 0.315625 0.2171875 0.315625 0.21718750000000003 0.38125 0.24375000000000008 0.38125