1 0.475 0.4875 0.2796875000000001 0.4875 0.2796875000000001 0.6640625 0.475 0.6640625
2 0.44375 0.5359375 0.41875 0.5359375 0.41875 0.6125 0.44375 0.6125
2 0.11562500000000005 0.3875 0.10156250000000004 0.3875 0.10156250000000004 0.428125 0.11562500000000005 0.428125
3 0.409375 0.540625 0.3531250000000001 0.540625 0.3531250000000001 0.6 0.409375 0.6
3 0.09531250000000005 0.3890625 0.06250000000000004 0.3890625 0.06250000000000004 0.425 0.09531250000000005 0.425
0 0.3625000000000001 0.5953125 0.3453125000000001 0.5953125 0.3453125000000001 0.6390625 0.3625000000000001 0.6390625
0 0.3671875000000001 0.50625 0.34843750000000007 0.50625 0.34843750000000007 0.54375 0.3671875000000001 0.54375
0 0.07187500000000005 0.4203125 0.059375000000000046 0.4203125 0.059375000000000046 0.4453125 0.07187500000000005 0.4453125
0 0.07812500000000004 0.378125 0.06562500000000004 0.378125 0.06562500000000004 0.4 0.07812500000000004 0.4
0 0.07812500000000004 0.375 0.059375000000000046 0.375 0.059375000000000046 0.446875 0.07812500000000004 0.446875
0 0.3671875000000001 0.503125 0.3421875000000001 0.503125 0.3421875000000001 0.640625 0.3671875000000001 0.640625
1 0.14062500000000006 0.365625 0.035937500000000046 0.365625 0.03593750000000005 0.4703125 0.14062500000000006 0.4703125