1 0.45625 0.5046875 0.30937500000000007 0.5046875 0.30937500000000007 0.6078125 0.45625 0.6078125
2 0.38750000000000007 0.32500000000000007 0.35625 0.325 0.35625000000000007 0.37187500000000007 0.38750000000000007 0.37187500000000007
2 0.43125 0.5390625 0.3968750000000001 0.5390625 0.3968750000000001 0.58125 0.43125 0.58125
2 0.5375 0.13281250000000006 0.503125 0.13281250000000006 0.503125 0.2078125000000001 0.5375 0.2078125000000001
3 0.49375 0.15312500000000004 0.421875 0.15312500000000004 0.421875 0.2078125000000001 0.49375 0.2078125000000001
3 0.353125 0.3359375 0.309375 0.3359375 0.30937500000000007 0.3734375 0.3531250000000001 0.3734375
3 0.3859375000000001 0.55 0.3343750000000001 0.55 0.3343750000000001 0.575 0.3859375000000001 0.575
0 0.43125 0.21093750000000008 0.409375 0.21093750000000008 0.409375 0.2484375000000001 0.43125 0.2484375000000001
0 0.3015625 0.3234375 0.284375 0.3234375 0.284375 0.3484375 0.3015625 0.3484375
0 0.3421875000000001 0.5203125 0.3265625000000001 0.5203125 0.3265625000000001 0.5421875 0.3421875000000001 0.5421875
0 0.32500000000000007 0.3765625 0.3062500000000001 0.3765625 0.3062500000000001 0.4015625 0.32500000000000007 0.4015625
0 0.3421875000000001 0.575 0.3296875000000001 0.575 0.3296875000000001 0.59375 0.3421875000000001 0.59375
0 0.4234375 0.11250000000000004 0.4015625 0.11250000000000004 0.4015625 0.16875000000000004 0.4234375 0.16875000000000004
0 0.32656250000000003 0.321875 0.2828125 0.321875 0.2828125 0.403125 0.3265625000000001 0.403125
0 0.434375 0.11093750000000005 0.4 0.11093750000000005 0.4 0.2484375000000001 0.434375 0.2484375000000001
0 0.3984375000000001 0.478125 0.3859375000000001 0.478125 0.3859375000000001 0.490625 0.3984375000000001 0.490625
1 0.425 0.29531250000000003 0.2609375 0.2953125 0.26093750000000004 0.4203125 0.425 0.4203125
1 0.590625 0.07031250000000006 0.296875 0.07031250000000004 0.296875 0.25468750000000007 0.590625 0.25468750000000007
1 0.4609375 0.4375 0.3828125000000001 0.4375 0.3828125000000001 0.4796875 0.4609375 0.4796875
1 0.4671875000000002 0.8609375 0.42187500000000017 0.8609375 0.42187500000000017 0.8953125 0.4671875000000002 0.8953125
1 0.4890625 0.6734375 0.4265625 0.6734375 0.4265625 0.7125 0.4890625 0.7125