2 0.18750000000000008 0.63125 0.1453125000000001 0.63125 0.1453125000000001 0.646875 0.18750000000000008 0.646875
2 0.3281250000000001 0.6296875 0.2875000000000001 0.6296875 0.2875000000000001 0.646875 0.3281250000000001 0.646875
2 0.64375 0.11562500000000009 0.6015625 0.11562500000000009 0.6015625 0.1312500000000001 0.64375 0.1312500000000001
2 0.775 0.4593750000000002 0.73125 0.4593750000000002 0.73125 0.4750000000000002 0.775 0.4750000000000002
2 0.6296875 0.4734375 0.59375 0.4734375 0.59375 0.4890625 0.6296875 0.4890625
2 0.3859375 0.27968750000000003 0.3421875 0.2796875 0.3421875 0.29687500000000006 0.3859375 0.2968750000000001
2 0.671875 0.2609375000000001 0.6328125 0.2609375000000001 0.6328125 0.2734375000000001 0.671875 0.2734375000000001
2 0.8046875 0.07812500000000008 0.7578125 0.07812500000000008 0.7578125 0.09531250000000009 0.8046875 0.09531250000000009
2 0.203125 0.2796875 0.15312500000000004 0.2796875 0.15312500000000004 0.2921875 0.203125 0.2921875
2 0.37968750000000007 0.440625 0.3375000000000001 0.440625 0.3375000000000001 0.453125 0.37968750000000007 0.453125
2 0.3671875000000001 0.8015625 0.3265625000000001 0.8015625 0.3265625000000001 0.8140625 0.3671875000000001 0.8140625
2 0.7984375 0.6312500000000002 0.75625 0.6312500000000002 0.75625 0.6437500000000002 0.7984375 0.6437500000000002
2 0.21875000000000008 0.775 0.18125000000000008 0.775 0.18125000000000008 0.7875 0.21875000000000008 0.7875
2 0.15937500000000004 0.415625 0.11562500000000005 0.415625 0.11562500000000005 0.428125 0.15937500000000004 0.428125
2 0.8765625 0.2390625000000001 0.8421875 0.2390625000000001 0.8421875 0.2515625000000001 0.8765625 0.2515625000000001
2 0.66875 0.6078125 0.634375 0.6078125 0.634375 0.6203125 0.66875 0.6203125
3 0.32500000000000007 0.6546875 0.2906250000000001 0.6546875 0.2906250000000001 0.6921875 0.32500000000000007 0.6921875
3 0.8015625 0.10468750000000009 0.7640625 0.10468750000000009 0.7640625 0.14218750000000008 0.8015625 0.14218750000000008
3 0.76875 0.4828125000000002 0.734375 0.4828125000000002 0.734375 0.5171875000000001 0.76875 0.5171875000000001
3 0.18125000000000008 0.6515625 0.1437500000000001 0.6515625 0.1437500000000001 0.6828125 0.18125000000000008 0.6828125
3 0.36406250000000007 0.45625 0.3343750000000001 0.45625 0.3343750000000001 0.48125 0.36406250000000007 0.48125
3 0.6359375 0.1375000000000001 0.5984375 0.1375000000000001 0.5984375 0.17187500000000008 0.6359375 0.17187500000000008
3 0.63125 0.4953125 0.5953125 0.4953125 0.5953125 0.525 0.63125 0.525
3 0.19531250000000006 0.296875 0.16093750000000004 0.296875 0.16093750000000004 0.328125 0.19531250000000006 0.328125
3 0.3703125 0.30312500000000003 0.334375 0.303125 0.334375 0.33437500000000003 0.3703125 0.3343750000000001
3 0.14531250000000004 0.43125 0.11875000000000005 0.43125 0.11875000000000005 0.45625 0.14531250000000004 0.45625
3 0.796875 0.6468750000000002 0.765625 0.6468750000000002 0.765625 0.6718750000000002 0.796875 0.6718750000000002
3 0.37187500000000007 0.8140625 0.3390625000000001 0.8140625 0.3390625000000001 0.8390625 0.37187500000000007 0.8390625
3 0.871875 0.2562500000000001 0.8421875 0.2562500000000001 0.8421875 0.2796875000000001 0.871875 0.2796875000000001
3 0.6625 0.6265625 0.6375 0.6265625 0.6375 0.6484375 0.6625 0.6484375
3 0.6640625 0.27812500000000007 0.6359375 0.27812500000000007 0.6359375 0.3031250000000001 0.6640625 0.3031250000000001
3 0.2140625000000001 0.790625 0.18906250000000008 0.790625 0.18906250000000008 0.8109375 0.2140625000000001 0.8109375
3 0.4140625 0.4703125 0.3906250000000001 0.4703125 0.3906250000000001 0.4890625 0.4140625 0.4890625
0 0.8375 0.2750000000000001 0.815625 0.2750000000000001 0.815625 0.2843750000000001 0.8375 0.2843750000000001
0 0.3984375000000001 0.8265625 0.3734375000000001 0.8265625 0.3734375000000001 0.8359375 0.3984375000000001 0.8359375
0 0.6578125 0.51875 0.6328125 0.51875 0.6328125 0.528125 0.6578125 0.528125
0 0.3546875000000001 0.684375 0.3281250000000001 0.684375 0.3281250000000001 0.69375 0.3546875000000001 0.69375
0 0.1437500000000001 0.675 0.11875000000000009 0.675 0.11875000000000009 0.684375 0.1437500000000001 0.684375
0 0.7953125 0.5109375000000002 0.76875 0.5109375000000002 0.76875 0.5203125000000002 0.7953125 0.5203125000000002
0 0.834375 0.13437500000000008 0.8046875 0.13437500000000008 0.8046875 0.1437500000000001 0.834375 0.1437500000000001
0 0.21875 0.3203125 0.19375000000000003 0.3203125 0.19375000000000003 0.3296875 0.21875 0.3296875
0 0.20468750000000008 0.6765625 0.17968750000000008 0.6765625 0.17968750000000008 0.6859375 0.20468750000000008 0.6859375
0 0.596875 0.1625000000000001 0.56875 0.1625000000000001 0.56875 0.17187500000000008 0.596875 0.17187500000000008
0 0.16250000000000003 0.3203125 0.13593750000000004 0.3203125 0.13593750000000004 0.3296875 0.16250000000000003 0.3296875
0 0.8875 0.2796875000000001 0.8671875 0.2796875000000001 0.8671875 0.2890625000000001 0.8875 0.2890625000000001
0 0.37968750000000007 0.478125 0.3546875000000001 0.478125 0.3546875000000001 0.4875 0.37968750000000007 0.4875
0 0.3890625 0.33281250000000007 0.3625 0.3328125 0.3625 0.34375000000000006 0.3890625 0.3437500000000001
0 0.334375 0.3265625 0.315625 0.3265625 0.315625 0.3359375 0.334375 0.3359375
0 0.6 0.521875 0.5765625 0.521875 0.5765625 0.53125 0.6 0.53125
0 0.81875 0.6625000000000002 0.796875 0.6625000000000002 0.796875 0.6718750000000002 0.81875 0.6718750000000002
0 0.659375 0.1687500000000001 0.63125 0.1687500000000001 0.63125 0.1781250000000001 0.659375 0.1781250000000001
0 0.7328125 0.5093750000000001 0.7078125 0.509375 0.7078125 0.51875 0.7328125 0.5187500000000002
0 0.2906250000000001 0.6828125 0.2656250000000001 0.6828125 0.2656250000000001 0.6921875 0.2906250000000001 0.6921875
0 0.3531250000000001 0.8375 0.33281250000000007 0.8375 0.33281250000000007 0.846875 0.3531250000000001 0.846875
0 0.7734375 0.6656250000000001 0.753125 0.6656250000000001 0.753125 0.6750000000000002 0.7734375 0.6750000000000002
0 0.33281250000000007 0.4703125 0.3140625000000001 0.4703125 0.3140625000000001 0.4796875 0.33281250000000007 0.4796875
0 0.2218750000000001 0.8078125 0.20312500000000008 0.8078125 0.20312500000000008 0.8171875 0.2218750000000001 0.8171875
0 0.675 0.64375 0.65625 0.64375 0.65625 0.653125 0.675 0.653125
0 0.16562500000000005 0.45 0.14531250000000004 0.45 0.14531250000000004 0.4578125 0.16562500000000005 0.4578125
0 0.634375 0.6421875 0.6125 0.6421875 0.6125 0.6515625 0.634375 0.6515625
0 0.7640625 0.1359375000000001 0.7359375 0.1359375000000001 0.7359375 0.1453125000000001 0.7640625 0.1453125000000001
0 0.6765625 0.29375000000000007 0.6546875 0.29375000000000007 0.6546875 0.30156250000000007 0.6765625 0.30156250000000007
0 0.11875000000000005 0.446875 0.10000000000000005 0.446875 0.10000000000000005 0.4546875 0.11875000000000005 0.4546875
0 0.6625 0.1625000000000001 0.565625 0.1625000000000001 0.565625 0.17968750000000008 0.6625 0.17968750000000008
0 0.3984375000000001 0.8265625 0.3312500000000001 0.8265625 0.3312500000000001 0.8484375 0.3984375000000001 0.8484375
0 0.6328125 0.2921875000000001 0.60625 0.2921875000000001 0.60625 0.3000000000000001 0.6328125 0.3000000000000001
0 0.8375 0.13281250000000008 0.734375 0.13281250000000008 0.734375 0.1468750000000001 0.8375 0.1468750000000001
0 0.7984375 0.5078125000000001 0.70625 0.5078125 0.70625 0.5234375000000001 0.7984375 0.5234375000000002
0 0.3578125000000001 0.68125 0.2640625000000001 0.68125 0.2640625000000001 0.6953125 0.3578125000000001 0.6953125
1 0.440625 0.26093750000000004 0.30625 0.2609375 0.30625 0.38593750000000004 0.440625 0.3859375000000001
1 0.3937500000000001 0.6140625 0.2468750000000001 0.6140625 0.2468750000000001 0.7453125 0.3937500000000001 0.7453125
1 0.8328125 0.4468750000000001 0.6921875 0.446875 0.6921875 0.5671875000000001 0.8328125 0.5671875000000002
1 0.684375 0.10000000000000009 0.55625 0.10000000000000009 0.55625 0.2156250000000001 0.684375 0.2156250000000001
1 0.41718750000000016 0.784375 0.3078125000000001 0.784375 0.3078125000000001 0.86875 0.41718750000000016 0.86875
1 0.409375 0.4265625 0.3062500000000001 0.4265625 0.3062500000000001 0.5125 0.409375 0.5125
1 0.665625 0.4609375 0.546875 0.4609375 0.546875 0.5609375 0.665625 0.5609375
1 0.834375 0.6156250000000002 0.734375 0.6156250000000002 0.734375 0.7000000000000002 0.834375 0.7000000000000002
1 0.21875000000000008 0.61875 0.09687500000000007 0.61875 0.09687500000000007 0.71875 0.21875000000000008 0.71875
1 0.871875 0.0703125000000001 0.715625 0.07031250000000008 0.715625 0.20468750000000008 0.871875 0.20468750000000008
1 0.234375 0.2625 0.12187500000000004 0.2625 0.12187500000000004 0.3625 0.234375 0.3625
1 0.684375 0.5921875 0.584375 0.5921875 0.584375 0.68125 0.684375 0.68125
1 0.2312500000000001 0.7578125 0.1296875000000001 0.7578125 0.1296875000000001 0.8484375 0.2312500000000001 0.8484375
1 0.6890625 0.24375000000000008 0.5859375 0.24375000000000008 0.5859375 0.3343750000000001 0.6890625 0.3343750000000001
1 0.19375000000000003 0.4015625 0.08906250000000004 0.4015625 0.08906250000000006 0.4890625 0.19375000000000003 0.4890625
1 0.9125 0.22656250000000008 0.8078125 0.22656250000000008 0.8078125 0.3125000000000001 0.9125 0.3125000000000001