2 0.73125 0.43437500000000007 0.6609375 0.434375 0.6609375 0.46562500000000007 0.73125 0.4656250000000002
2 0.38750000000000007 0.36406250000000007 0.3390625000000001 0.3640625 0.3390625000000001 0.4171875 0.38750000000000007 0.4171875
3 0.7203125 0.3390625000000001 0.665625 0.3390625000000001 0.665625 0.41875 0.7203125 0.41875
3 0.4015625 0.2984375 0.359375 0.2984375 0.35937500000000006 0.36718750000000006 0.4015625 0.3671875000000001
0 0.7609375 0.3078125000000001 0.715625 0.3078125000000001 0.715625 0.3375000000000001 0.7609375 0.3375000000000001
0 0.66875 0.3218750000000001 0.6296875 0.3218750000000001 0.6296875 0.3500000000000001 0.66875 0.3500000000000001
0 0.38125 0.27343750000000006 0.35625 0.2734375 0.35625 0.29531250000000003 0.38125 0.2953125000000001
0 0.7625 0.3046875000000001 0.6265625 0.3046875000000001 0.6265625 0.3531250000000001 0.7625 0.3531250000000001
0 0.440625 0.30937500000000007 0.4125 0.30937500000000007 0.4125 0.33281250000000007 0.440625 0.33281250000000007
0 0.4421875 0.27187500000000003 0.3546875 0.271875 0.3546875 0.33437500000000003 0.4421875 0.3343750000000001
1 0.465625 0.22812500000000005 0.3328125 0.228125 0.33281250000000007 0.4671875 0.465625 0.4671875
1 0.8015625 0.1984375000000001 0.6125 0.1984375000000001 0.6125 0.5234375000000001 0.8015625 0.5234375000000002