2 0.6265625 0.2453125000000001 0.5859375 0.2453125000000001 0.5859375 0.3390625000000001 0.6265625 0.3390625000000001
2 0.7296875 0.5734375 0.7046875 0.5734375 0.7046875 0.6359375 0.7296875 0.6359375000000002
3 0.809375 0.5828125000000002 0.740625 0.5828125000000002 0.740625 0.6296875000000002 0.809375 0.6296875000000002
3 0.73125 0.2562500000000001 0.640625 0.2562500000000001 0.640625 0.3281250000000001 0.73125 0.3281250000000001
0 0.775 0.19687500000000008 0.734375 0.19687500000000008 0.734375 0.2531250000000001 0.775 0.2531250000000001
0 0.7734375 0.3156250000000001 0.7390625 0.3156250000000001 0.7390625 0.3671875000000001 0.7734375 0.3671875000000001
0 0.8234375 0.5546875000000002 0.8046875 0.5546875000000002 0.8046875 0.5859375000000002 0.8234375 0.5859375000000002
0 0.83125 0.6265625000000001 0.809375 0.6265625000000001 0.809375 0.6531250000000002 0.83125 0.6531250000000002
0 0.778125 0.19531250000000008 0.734375 0.19531250000000008 0.734375 0.3703125000000001 0.778125 0.3703125000000001
0 0.8328125 0.5531250000000002 0.8046875 0.5531250000000002 0.8046875 0.6531250000000002 0.8328125 0.6531250000000002
1 0.91875 0.5312500000000001 0.65 0.53125 0.65 0.6796875000000001 0.91875 0.6796875000000002
1 0.9171875 0.16562500000000008 0.5125 0.16562500000000005 0.5125 0.4000000000000001 0.9171875 0.4000000000000002