2 0.546875 0.5796875 0.525 0.5796875 0.525 0.6453125 0.546875 0.6453125
2 0.553125 0.2906250000000001 0.534375 0.2906250000000001 0.534375 0.34062500000000007 0.553125 0.34062500000000007
3 0.5953125 0.3046875000000001 0.5578125 0.3046875000000001 0.5578125 0.3453125000000001 0.5953125 0.3453125000000001
3 0.59375 0.578125 0.5546875 0.578125 0.5546875 0.63125 0.59375 0.63125
0 0.6015625 0.5375 0.5859375 0.5375 0.5859375 0.575 0.6015625 0.575
0 0.5953125 0.3531250000000001 0.5828125 0.3531250000000001 0.5828125 0.3843750000000001 0.5953125 0.3843750000000001
0 0.609375 0.2875000000000001 0.596875 0.2875000000000001 0.596875 0.31718750000000007 0.609375 0.31718750000000007
0 0.6109375 0.61875 0.596875 0.61875 0.596875 0.6546875 0.6109375 0.6546875
0 0.6125 0.534375 0.584375 0.534375 0.584375 0.65625 0.6125 0.65625
0 0.6109375 0.28593750000000007 0.58125 0.28593750000000007 0.58125 0.3859375000000001 0.6109375 0.3859375000000001
1 0.646875 0.2578125000000001 0.5125 0.2578125000000001 0.5125 0.4046875 0.646875 0.4046875
1 0.6515625 0.5234375 0.5 0.5234375 0.5 0.6796875 0.6515625 0.6796875