2 0.2500000000000001 0.53125 0.16562500000000005 0.53125 0.16562500000000008 0.553125 0.2500000000000001 0.553125
2 0.6109375 0.5453125 0.5421875 0.5453125 0.5421875 0.565625 0.6109375 0.565625
3 0.6078125 0.5703125 0.553125 0.5703125 0.553125 0.6171875 0.6078125 0.6171875
3 0.2406250000000001 0.5625 0.1750000000000001 0.5625 0.1750000000000001 0.6125 0.2406250000000001 0.6125
0 0.2843750000000001 0.609375 0.23437500000000008 0.609375 0.23437500000000008 0.628125 0.2843750000000001 0.628125
0 0.1765625000000001 0.6078125 0.12656250000000008 0.6078125 0.12656250000000008 0.6265625 0.1765625000000001 0.6265625
0 0.5578125 0.61875 0.51875 0.61875 0.51875 0.634375 0.5578125 0.634375
0 0.65 0.6171875 0.6109375 0.6171875 0.6109375 0.6296875 0.65 0.6296875
0 0.2875000000000001 0.60625 0.12500000000000008 0.60625 0.12500000000000008 0.6296875 0.2875000000000001 0.6296875
0 0.6546875 0.615625 0.5171875 0.615625 0.5171875 0.6375 0.6546875 0.6375
1 0.6890625 0.525 0.4921875 0.525 0.4921875 0.709375 0.6890625 0.709375
1 0.2921875000000001 0.503125 0.11093750000000005 0.503125 0.11093750000000006 0.70625 0.2921875000000001 0.70625