1 0.6828125 0.12656250000000008 0.5421875 0.12656250000000005 0.5421875 0.23593750000000008 0.6828125 0.23593750000000008
2 0.49687500000000007 0.7015625 0.45625 0.7015625 0.4562500000000001 0.7796875 0.4968750000000002 0.7796875
2 0.6546875 0.1390625000000001 0.6265625 0.1390625000000001 0.6265625 0.1828125000000001 0.6546875 0.1828125000000001
2 0.5140625 0.5265625 0.4921875 0.5265625 0.4921875 0.5609375 0.5140625 0.5609375
2 0.4921875 0.3218750000000001 0.4734375 0.3218750000000001 0.4734375 0.3515625000000001 0.4921875 0.3515625000000001
3 0.4484375000000001 0.7078125 0.3687500000000001 0.7078125 0.3687500000000001 0.7640625 0.44843750000000016 0.7640625
3 0.628125 0.1531250000000001 0.578125 0.1531250000000001 0.578125 0.18750000000000008 0.628125 0.18750000000000008
3 0.4875 0.525 0.446875 0.525 0.446875 0.5515625 0.4875 0.5515625
3 0.471875 0.3281250000000001 0.434375 0.3281250000000001 0.434375 0.3500000000000001 0.471875 0.3500000000000001
0 0.3656250000000001 0.75625 0.34062500000000007 0.75625 0.34062500000000007 0.8 0.3656250000000001 0.8
0 0.37187500000000007 0.6765625 0.3531250000000001 0.6765625 0.3531250000000001 0.7140625 0.37187500000000007 0.7140625
0 0.4578125 0.5046875 0.4421875 0.5046875 0.4421875 0.521875 0.4578125 0.521875
0 0.578125 0.14843750000000008 0.559375 0.14843750000000008 0.559375 0.1671875000000001 0.578125 0.1671875000000001
0 0.4453125 0.5421875 0.4296875 0.5421875 0.4296875 0.5578125 0.4453125 0.5578125
0 0.6015625 0.1921875000000001 0.584375 0.1921875000000001 0.584375 0.21875000000000008 0.6015625 0.21875000000000008
0 0.4484375 0.3515625000000001 0.4359375 0.3515625000000001 0.4359375 0.3703125000000001 0.4484375 0.3703125000000001
0 0.4390625 0.3187500000000001 0.4265625 0.3187500000000001 0.4265625 0.33281250000000007 0.4390625 0.33281250000000007
0 0.3734375000000001 0.675 0.3390625000000001 0.675 0.3390625000000001 0.803125 0.3734375000000001 0.803125
1 0.5375 0.4984375 0.3968750000000001 0.4984375 0.3968750000000001 0.56875 0.5375 0.56875
1 0.515625 0.3109375000000001 0.40625 0.3109375000000001 0.40625 0.3812500000000001 0.515625 0.3812500000000001
1 0.5437500000000001 0.659375 0.2296875000000001 0.659375 0.2296875000000001 0.8421875 0.5437500000000002 0.8421875