2 0.6171875 0.3906250000000001 0.5828125 0.3906250000000001 0.5828125 0.434375 0.6171875 0.434375
2 0.3390625000000001 0.41875 0.2656250000000001 0.41875 0.2656250000000001 0.471875 0.3390625000000001 0.471875
3 0.5984375 0.34843750000000007 0.5609375 0.34843750000000007 0.5609375 0.4 0.5984375 0.4
3 0.3296875 0.3296875 0.275 0.3296875 0.275 0.4046875 0.3296875000000001 0.4046875
0 0.275 0.3 0.2296875 0.3 0.2296875 0.3296875 0.275 0.3296875
0 0.3609375 0.30625 0.3234375 0.30625 0.3234375 0.33125 0.3609375 0.33125
0 0.546875 0.34843750000000007 0.51875 0.34843750000000007 0.51875 0.3750000000000001 0.546875 0.3750000000000001
0 0.5921875 0.2953125000000001 0.5703125 0.2953125000000001 0.5703125 0.3265625000000001 0.5921875 0.3265625000000001
0 0.3625 0.296875 0.228125 0.296875 0.228125 0.334375 0.3625 0.334375
0 0.59375 0.2953125000000001 0.515625 0.2953125000000001 0.515625 0.37968750000000007 0.59375 0.37968750000000007
1 0.628125 0.2578125000000001 0.4953125 0.2578125000000001 0.4953125 0.48125 0.628125 0.48125
1 0.38125000000000003 0.17812500000000003 0.1921875 0.17812500000000003 0.1921875 0.521875 0.3812500000000001 0.521875