1 0.3531250000000001 0.5046875 0.2890625000000001 0.5046875 0.2890625000000001 0.6171875 0.3531250000000001 0.6171875
1 0.665625 0.553125 0.6046875 0.553125 0.6046875 0.653125 0.665625 0.653125
1 0.828125 0.5812500000000002 0.75625 0.5812500000000002 0.75625 0.6890625000000001 0.828125 0.6890625000000001
2 0.3359375000000001 0.5875 0.3125000000000001 0.5875 0.3125000000000001 0.6015625 0.3359375000000001 0.6015625
2 0.20312500000000008 0.5453125 0.17968750000000008 0.5453125 0.17968750000000008 0.559375 0.20312500000000008 0.559375
2 0.8125 0.6515625000000002 0.7875 0.6515625000000002 0.7875 0.6718750000000002 0.8125 0.6718750000000002
2 0.528125 0.6109375 0.503125 0.6109375 0.503125 0.625 0.528125 0.625
2 0.6515625 0.634375 0.628125 0.634375 0.628125 0.65 0.6515625 0.65
3 0.3375000000000001 0.553125 0.31718750000000007 0.553125 0.31718750000000007 0.5828125 0.3375000000000001 0.5828125
3 0.5234375 0.58125 0.5078125 0.58125 0.5078125 0.6078125 0.5234375 0.6078125
3 0.8015625 0.6265625000000001 0.7828125 0.6265625000000001 0.7828125 0.6546875000000002 0.8015625 0.6546875000000002
3 0.20312500000000008 0.51875 0.18750000000000006 0.51875 0.18750000000000006 0.54375 0.20312500000000008 0.54375
3 0.6421875 0.5984375 0.6265625 0.5984375 0.6265625 0.6296875 0.6421875 0.6296875
0 0.6546875 0.590625 0.640625 0.590625 0.640625 0.6015625 0.6546875 0.6015625
0 0.8078125 0.6093750000000002 0.79375 0.6093750000000002 0.79375 0.6218750000000002 0.8078125 0.6218750000000002
0 0.3203125000000001 0.546875 0.3046875000000001 0.546875 0.3046875000000001 0.5578125 0.3203125000000001 0.5578125
0 0.6234375 0.5984375 0.609375 0.5984375 0.609375 0.609375 0.6234375 0.609375
0 0.18750000000000006 0.50625 0.17500000000000004 0.50625 0.17500000000000004 0.515625 0.18750000000000006 0.515625
0 0.7765625 0.6250000000000002 0.7640625 0.6250000000000002 0.7640625 0.6359375000000002 0.7765625 0.6359375000000002
0 0.34843750000000007 0.5515625 0.3359375000000001 0.5515625 0.3359375000000001 0.5609375 0.34843750000000007 0.5609375
0 0.534375 0.5765625 0.521875 0.5765625 0.521875 0.5859375 0.534375 0.5859375
0 0.50625 0.575 0.4953125 0.575 0.4953125 0.584375 0.50625 0.584375
0 0.2156250000000001 0.515625 0.20468750000000008 0.515625 0.20468750000000008 0.525 0.2156250000000001 0.525
0 0.809375 0.6078125000000002 0.7625 0.6078125000000002 0.7625 0.6375000000000002 0.809375 0.6375000000000002
0 0.65625 0.5890625 0.609375 0.5890625 0.609375 0.6109375 0.65625 0.6109375
0 0.5359375 0.5734375 0.4953125 0.5734375 0.4953125 0.5875 0.5359375 0.5875
1 0.22031250000000008 0.4765625 0.15000000000000005 0.4765625 0.15000000000000008 0.5796875 0.22031250000000008 0.5796875
1 0.54375 0.540625 0.484375 0.540625 0.484375 0.640625 0.54375 0.640625