2 0.39531250000000007 0.38906250000000003 0.3546875000000001 0.3890625 0.3546875000000001 0.446875 0.39531250000000007 0.446875
2 0.3890625000000001 0.6640625 0.3453125000000001 0.6640625 0.3453125000000001 0.71875 0.3890625000000001 0.71875
3 0.4515625 0.3968750000000001 0.3968750000000001 0.3968750000000001 0.3968750000000001 0.4328125 0.4515625 0.4328125
3 0.45625 0.6734375 0.3968750000000001 0.6734375 0.3968750000000001 0.7125 0.45625 0.7125
0 0.471875 0.4234375 0.45 0.4234375 0.45 0.45 0.471875 0.45
0 0.46562500000000007 0.709375 0.446875 0.709375 0.4468750000000001 0.7375 0.4656250000000002 0.7375
0 0.459375 0.3703125000000001 0.4375 0.3703125000000001 0.4375 0.3968750000000001 0.459375 0.3968750000000001
0 0.4703125 0.6578125 0.4484375 0.6578125 0.4484375 0.6796875 0.4703125 0.6796875
0 0.4765625 0.3687500000000001 0.4359375 0.3687500000000001 0.4359375 0.453125 0.4765625 0.453125
0 0.4750000000000001 0.6515625 0.4453125 0.6515625 0.4453125000000001 0.7390625 0.4750000000000002 0.7390625
1 0.565625 0.6328125 0.3062500000000001 0.6328125 0.3062500000000001 0.7515625 0.5656250000000002 0.7515625
1 0.5484375 0.3609375 0.31875 0.3609375 0.31875000000000003 0.4734375 0.5484375 0.4734375