1 0.2671875000000001 0.55 0.11718750000000008 0.55 0.11718750000000008 0.671875 0.2671875000000001 0.671875
2 0.6562500000000002 0.921875 0.5906250000000002 0.921875 0.5906250000000002 0.940625 0.6562500000000002 0.940625
2 0.690625 0.6390625 0.64375 0.6390625 0.64375 0.65625 0.690625 0.65625
2 0.1609375000000001 0.828125 0.09843750000000011 0.828125 0.09843750000000011 0.840625 0.1609375000000001 0.840625
2 0.8984375 0.8921875 0.8171875 0.8921875 0.8171875 0.9125 0.8984375 0.9125
2 0.421875 0.24218750000000008 0.3640625 0.24218750000000008 0.3640625 0.2593750000000001 0.421875 0.2593750000000001
2 0.33281250000000007 0.4671875 0.2531250000000001 0.4671875 0.2531250000000001 0.4828125 0.33281250000000007 0.4828125
2 0.821875 0.4000000000000002 0.7484375 0.4000000000000002 0.7484375 0.41718750000000016 0.821875 0.41718750000000016
2 0.37187500000000007 0.8078125 0.2984375000000001 0.8078125 0.2984375000000001 0.8265625 0.37187500000000007 0.8265625
2 0.45625 0.6375 0.403125 0.6375 0.403125 0.659375 0.45625 0.659375
2 0.13437500000000005 0.446875 0.06718750000000004 0.446875 0.06718750000000005 0.4640625 0.13437500000000005 0.4640625
2 0.6390625 0.403125 0.578125 0.403125 0.578125 0.4171875 0.6390625 0.4171875
2 0.9109375 0.6359375000000002 0.8546875 0.6359375000000002 0.8546875 0.6515625000000002 0.9109375 0.6515625000000002
2 0.8828125 0.2234375000000001 0.825 0.2234375000000001 0.825 0.2390625000000001 0.8828125 0.2390625000000001
2 0.709375 0.22031250000000008 0.6703125 0.22031250000000008 0.6703125 0.23593750000000008 0.709375 0.23593750000000008
2 0.22031250000000008 0.6296875 0.1687500000000001 0.6296875 0.1687500000000001 0.646875 0.22031250000000008 0.646875
2 0.2078125 0.2390625 0.15468750000000003 0.2390625 0.15468750000000003 0.2546875 0.2078125 0.2546875
3 0.6359375 0.3609375000000001 0.5890625 0.3609375000000001 0.5890625 0.39531250000000007 0.6359375 0.39531250000000007
3 0.3156250000000001 0.4171875 0.2593750000000001 0.4171875 0.2593750000000001 0.459375 0.3156250000000001 0.459375
3 0.13437500000000005 0.4015625 0.08281250000000004 0.4015625 0.08281250000000004 0.4390625 0.13437500000000005 0.4390625
3 0.4 0.20156250000000003 0.3609375 0.2015625 0.3609375 0.23593750000000005 0.4 0.23593750000000008
3 0.6484375000000002 0.8734375 0.5968750000000002 0.8734375 0.5968750000000002 0.9140625 0.6484375000000002 0.9140625
3 0.871875 0.1765625000000001 0.8296875 0.1765625000000001 0.8296875 0.2140625000000001 0.871875 0.2140625000000001
3 0.7140625 0.1859375000000001 0.6796875 0.1859375000000001 0.6796875 0.2156250000000001 0.7140625 0.2156250000000001
3 0.6921875 0.5984375 0.6578125 0.5984375 0.6578125 0.6328125 0.6921875 0.6328125
3 0.8 0.3531250000000001 0.7515625 0.3531250000000001 0.7515625 0.3921875000000001 0.8 0.3921875000000001
3 0.34843750000000007 0.759375 0.2984375000000001 0.759375 0.2984375000000001 0.8015625 0.34843750000000007 0.8015625
3 0.871875 0.8375 0.8171875 0.8375 0.8171875 0.8828125 0.871875 0.8828125
3 0.1515625000000001 0.7828125 0.1062500000000001 0.7828125 0.1062500000000001 0.81875 0.1515625000000001 0.81875
3 0.209375 0.2046875 0.17343750000000005 0.2046875 0.17343750000000005 0.2359375 0.209375 0.2359375
3 0.8921875 0.5953125000000001 0.853125 0.5953125000000001 0.853125 0.6281250000000002 0.8921875 0.6281250000000002
3 0.425 0.6 0.3859375000000001 0.6 0.3859375000000001 0.6375 0.425 0.6375
0 0.17187500000000006 0.3953125 0.13750000000000004 0.3953125 0.13750000000000004 0.4078125 0.17187500000000006 0.4078125
0 0.8171875 0.83125 0.7781250000000002 0.83125 0.7781250000000002 0.8453125 0.8171875 0.8453125
0 0.2421875 0.203125 0.2140625 0.203125 0.2140625 0.215625 0.2421875 0.215625
0 0.5953125 0.3500000000000001 0.559375 0.3500000000000001 0.559375 0.3625000000000001 0.5953125 0.3625000000000001
0 0.09218750000000005 0.390625 0.05468750000000004 0.390625 0.05468750000000004 0.403125 0.09218750000000005 0.403125
0 0.6703125 0.3531250000000001 0.6375 0.3531250000000001 0.6375 0.3656250000000001 0.6703125 0.3656250000000001
0 0.6812500000000001 0.8625 0.6453125000000002 0.8625 0.6453125000000002 0.8765625 0.6812500000000001 0.8765625
0 0.3578125000000001 0.40625 0.3140625000000001 0.40625 0.3140625000000001 0.41875 0.3578125000000001 0.41875
0 0.6000000000000002 0.8671875 0.5609375000000002 0.8671875 0.5609375000000002 0.88125 0.6000000000000002 0.88125
0 0.353125 0.2046875 0.321875 0.2046875 0.321875 0.2171875 0.353125 0.2171875
0 0.9125 0.8203125 0.8671875 0.8203125 0.8671875 0.8359375 0.9125 0.8359375
0 0.1843750000000001 0.7765625 0.15000000000000008 0.7765625 0.15000000000000008 0.7890625 0.1843750000000001 0.7890625
0 0.3890625000000001 0.746875 0.3437500000000001 0.746875 0.3437500000000001 0.759375 0.3890625000000001 0.759375
0 0.17968750000000006 0.19375 0.15000000000000005 0.19375 0.15000000000000005 0.2046875 0.17968750000000006 0.2046875
0 0.10781250000000009 0.7765625 0.07656250000000009 0.7765625 0.07656250000000009 0.7875 0.10781250000000009 0.7875
0 0.8453125 0.5968750000000002 0.815625 0.5968750000000002 0.815625 0.6078125000000002 0.8453125 0.6078125000000002
0 0.6578125 0.5890625 0.6296875 0.5890625 0.6296875 0.6 0.6578125 0.6
0 0.2984375000000001 0.75625 0.2609375000000001 0.75625 0.2609375000000001 0.76875 0.2984375000000001 0.76875
0 0.2656250000000001 0.4078125 0.2250000000000001 0.4078125 0.2250000000000001 0.4203125 0.2656250000000001 0.4203125
0 0.90625 0.1703125000000001 0.871875 0.1703125000000001 0.871875 0.18125000000000008 0.90625 0.18125000000000008
0 0.7421875 0.1859375000000001 0.7171875 0.1859375000000001 0.7171875 0.1984375000000001 0.7421875 0.1984375000000001
0 0.6875 0.17343750000000008 0.659375 0.17343750000000008 0.659375 0.1843750000000001 0.6875 0.1843750000000001
0 0.4390625 0.58125 0.409375 0.58125 0.409375 0.596875 0.4390625 0.596875
0 0.8296875 0.1750000000000001 0.7984375 0.1750000000000001 0.7984375 0.1843750000000001 0.8296875 0.1843750000000001
0 0.3734375000000001 0.6078125 0.3437500000000001 0.6078125 0.3437500000000001 0.6234375 0.3734375000000001 0.6234375
0 0.715625 0.596875 0.690625 0.596875 0.690625 0.609375 0.715625 0.609375
0 0.7578125 0.34843750000000007 0.721875 0.34843750000000007 0.721875 0.3593750000000001 0.7578125 0.3593750000000001
0 0.4265625 0.18750000000000006 0.39375 0.18750000000000006 0.39375 0.2000000000000001 0.4265625 0.2000000000000001
0 0.8390625 0.34062500000000007 0.8015625 0.34062500000000007 0.8015625 0.3531250000000001 0.8390625 0.3531250000000001
0 0.9171875 0.5812500000000002 0.8859375 0.5812500000000002 0.8859375 0.5937500000000002 0.9171875 0.5937500000000002
0 0.20468750000000008 0.5875 0.17343750000000008 0.5875 0.17343750000000008 0.6 0.20468750000000008 0.6
0 0.3937500000000001 0.7453125 0.2593750000000001 0.7453125 0.2593750000000001 0.7671875 0.3937500000000001 0.7671875
0 0.3609375000000001 0.403125 0.2218750000000001 0.403125 0.2218750000000001 0.4203125 0.3609375000000001 0.4203125
0 0.91875 0.8203125 0.7765625000000002 0.8203125 0.7765625000000002 0.846875 0.91875 0.846875
0 0.2453125 0.19062500000000002 0.14531250000000004 0.190625 0.14531250000000004 0.2171875 0.2453125 0.2171875
0 0.18750000000000008 0.7734375 0.0750000000000001 0.7734375 0.0750000000000001 0.7890625 0.18750000000000008 0.7890625
0 0.2578125000000001 0.6078125 0.2312500000000001 0.6078125 0.2312500000000001 0.6203125 0.2578125000000001 0.6203125
0 0.6828125000000002 0.8625 0.5578125000000002 0.8625 0.5578125000000002 0.88125 0.6828125000000002 0.88125
0 0.8484375 0.3390625000000001 0.71875 0.3390625000000001 0.71875 0.3593750000000001 0.8484375 0.3593750000000001
0 0.9078125 0.16875000000000012 0.7953125 0.1687500000000001 0.7953125 0.18593750000000012 0.9078125 0.18593750000000014
0 0.2593750000000001 0.5859375 0.17187500000000008 0.5859375 0.17187500000000008 0.621875 0.2593750000000001 0.621875
1 0.94375 0.1250000000000001 0.775 0.12500000000000008 0.775 0.26250000000000007 0.94375 0.26250000000000007
1 0.4046875 0.35000000000000003 0.20625 0.35 0.20625000000000004 0.5125 0.4046875 0.5125
1 0.9453125 0.7687500000000002 0.7625000000000002 0.7687500000000002 0.7625000000000002 0.940625 0.9453125 0.940625
1 0.4468750000000001 0.696875 0.2484375000000001 0.696875 0.2484375000000001 0.85 0.4468750000000002 0.85
1 0.9046875 0.2906250000000001 0.7109375 0.2906250000000001 0.7109375 0.4468750000000001 0.9046875 0.4468750000000002
1 0.25 0.15000000000000002 0.1046875 0.15 0.10468750000000002 0.2734375 0.25 0.2734375
1 0.478125 0.5484375 0.3203125000000001 0.5484375 0.3203125000000001 0.68125 0.478125 0.68125
1 0.684375 0.2984375000000001 0.5203125 0.2984375000000001 0.5203125 0.4421875 0.684375 0.4421875
1 0.6984375000000002 0.8046875 0.5312500000000002 0.8046875 0.5312500000000002 0.9671875 0.6984375000000002 0.9671875
1 0.9484375 0.5468750000000002 0.7984375 0.5468750000000002 0.7984375 0.6796875000000002 0.9484375 0.6796875000000002
1 0.18906250000000005 0.334375 0.04687500000000004 0.334375 0.04687500000000005 0.4859375 0.18906250000000005 0.4859375
1 0.721875 0.546875 0.596875 0.546875 0.596875 0.678125 0.721875 0.678125
1 0.75 0.1296875000000001 0.603125 0.1296875000000001 0.603125 0.25468750000000007 0.75 0.25468750000000007
1 0.478125 0.14843750000000006 0.3015625 0.14843750000000006 0.3015625 0.28906250000000006 0.478125 0.2890625000000001
1 0.21250000000000008 0.721875 0.05937500000000009 0.721875 0.0593750000000001 0.8546875 0.21250000000000008 0.8546875
0 0.4265625 0.18906250000000005 0.31875 0.18906250000000005 0.31875 0.21718750000000003 0.4265625 0.2171875000000001
0 0.74375 0.17343750000000008 0.6578125 0.17343750000000008 0.6578125 0.1984375000000001 0.74375 0.1984375000000001
0 0.6703125 0.34843750000000007 0.559375 0.34843750000000007 0.559375 0.3656250000000001 0.6703125 0.3656250000000001
0 0.17187500000000006 0.390625 0.05625000000000004 0.390625 0.05625000000000004 0.40625 0.17187500000000006 0.40625
0 0.4390625 0.58125 0.3453125000000001 0.58125 0.3453125000000001 0.6234375 0.4390625 0.6234375
0 0.7171875 0.5875 0.6296875 0.5875 0.6296875 0.609375 0.7171875 0.609375
0 0.9171875 0.5812500000000002 0.815625 0.5812500000000002 0.815625 0.6062500000000002 0.9171875 0.6062500000000002