2 0.9421875 0.43750000000000017 0.8125 0.43750000000000017 0.8125 0.4812500000000002 0.9421875 0.4812500000000002
2 0.45625 0.403125 0.3968750000000001 0.403125 0.3968750000000001 0.4390625 0.45625 0.4390625
3 0.9265625 0.25468750000000007 0.825 0.25468750000000007 0.825 0.4031250000000002 0.9265625 0.4031250000000002
3 0.453125 0.3453125000000001 0.4125 0.3453125000000001 0.4125 0.4 0.453125 0.4
0 0.828125 0.23593750000000008 0.7609375 0.23593750000000008 0.7609375 0.28593750000000007 0.828125 0.28593750000000007
0 1 0.19843750000000013 0.9234375 0.19843750000000013 0.9234375 0.2593750000000001 1 0.2593750000000001
0 0.9984375 0.1953125000000001 0.7578125 0.19531250000000008 0.7578125 0.2875000000000001 0.9984375 0.2875000000000001
0 0.4171875 0.3281250000000001 0.384375 0.3281250000000001 0.384375 0.3468750000000001 0.4171875 0.3468750000000001
0 0.46875 0.3375000000000001 0.4484375 0.3375000000000001 0.4484375 0.3531250000000001 0.46875 0.3531250000000001
0 0.46875 0.3265625000000001 0.3828125 0.3265625000000001 0.3828125 0.3546875000000001 0.46875 0.3546875000000001
1 0.9984375 0.039062500000000104 0.740625 0.03906250000000009 0.740625 0.5734375000000002 0.9984375 0.5734375000000002
1 0.4765625 0.2515625 0.3546875 0.2515625 0.35468750000000004 0.46875 0.4765625 0.46875