1 0.6015625 0.14531250000000007 0.4015625 0.14531250000000004 0.4015625 0.465625 0.6015625 0.465625
2 0.29375 0.2421875 0.240625 0.2421875 0.240625 0.2875 0.29375 0.2875
2 0.5328125 0.4046875 0.4765625 0.4046875 0.4765625 0.446875 0.5328125 0.446875
2 0.78125 0.4484375000000001 0.7140625 0.4484375 0.7140625 0.4781250000000001 0.78125 0.4781250000000002
3 0.290625 0.14531250000000004 0.2421875 0.14531250000000004 0.2421875 0.2296875 0.290625 0.2296875
3 0.7828125 0.34843750000000007 0.7328125 0.34843750000000007 0.7328125 0.43281250000000016 0.7828125 0.43281250000000016
3 0.5390625 0.30937500000000007 0.4875 0.30937500000000007 0.4875 0.3906250000000001 0.5390625 0.3906250000000001
0 0.5875 0.2984375000000001 0.546875 0.2984375000000001 0.546875 0.33281250000000007 0.5875 0.33281250000000007
0 0.325 0.14843750000000006 0.290625 0.14843750000000006 0.290625 0.17343750000000005 0.325 0.17343750000000005
0 0.2453125 0.12343750000000005 0.2046875 0.12343750000000005 0.2046875 0.15000000000000005 0.2453125 0.15000000000000005
0 0.740625 0.3296875000000001 0.6953125 0.3296875000000001 0.6953125 0.3546875000000001 0.740625 0.3546875000000001
0 0.81875 0.3375000000000001 0.78125 0.3375000000000001 0.78125 0.3578125000000001 0.81875 0.3578125000000001
0 0.50625 0.27031250000000007 0.4546875 0.27031250000000007 0.4546875 0.30156250000000007 0.50625 0.30156250000000007
0 0.3265625 0.12187500000000004 0.203125 0.12187500000000004 0.203125 0.17500000000000004 0.3265625 0.17500000000000004
1 0.3390625 0.029687500000000033 0.15625 0.029687500000000023 0.15625000000000003 0.33125 0.3390625 0.33125
1 0.8265625 0.2406250000000001 0.6515625 0.2406250000000001 0.6515625 0.5234375000000001 0.8265625 0.5234375000000002
0 0.5859375 0.27031250000000007 0.4515625 0.27031250000000007 0.4515625 0.3312500000000001 0.5859375 0.3312500000000001
0 0.81875 0.3281250000000001 0.6953125 0.3281250000000001 0.6953125 0.3593750000000001 0.81875 0.3593750000000001