2 0.6296875 0.1453125000000001 0.56875 0.1453125000000001 0.56875 0.2453125000000001 0.6296875 0.2453125000000001
2 0.7296875 0.6984375 0.6859375 0.6984375 0.6859375000000001 0.7484375000000001 0.7296875000000002 0.7484375000000002
3 0.8046875 0.6984375000000002 0.7359375 0.6984375000000002 0.7359375000000001 0.7453125000000002 0.8046875 0.7453125000000002
3 0.7546875 0.15781250000000008 0.65 0.15781250000000008 0.65 0.2296875000000001 0.7546875 0.2296875000000001
0 0.7859375 0.10781250000000009 0.753125 0.10781250000000009 0.753125 0.1609375000000001 0.7859375 0.1609375000000001
0 0.8109375 0.6640625000000002 0.7890625 0.6640625000000002 0.7890625 0.6968750000000001 0.8109375 0.6968750000000001
0 0.8203125 0.7359375000000001 0.8015625 0.7359375000000001 0.8015625 0.7609375000000002 0.8203125 0.7609375000000002
0 0.7546875 0.2156250000000001 0.7328125 0.2156250000000001 0.7328125 0.27812500000000007 0.7546875 0.27812500000000007
0 0.7890625 0.10468750000000009 0.7328125 0.10468750000000009 0.7328125 0.2812500000000001 0.7890625 0.2812500000000001
0 0.8203125 0.6625000000000002 0.7890625 0.6625000000000002 0.7890625000000001 0.7609375000000002 0.8203125 0.7609375000000002
1 0.8765625 0.07968750000000009 0.5171875 0.07968750000000006 0.5171875 0.2984375000000001 0.8765625 0.2984375000000001
1 0.884375 0.6265625000000001 0.6375 0.6265625 0.6375000000000001 0.7734375000000001 0.884375 0.7734375000000002
1 0.925 0.3203125000000001 0.80625 0.3203125000000001 0.80625 0.3765625000000001 0.925 0.3765625000000001