1 0.28593750000000007 0.25 0.0015625000000000304 0.25 0.001562500000000065 0.8078125 0.28593750000000007 0.8078125
2 0.684375 0.46875 0.603125 0.46875 0.603125 0.5078125 0.684375 0.5078125
2 0.1281250000000001 0.634375 0.0015625000000000777 0.634375 0.0015625000000000834 0.725 0.1281250000000001 0.725
2 0.8296875 0.4312500000000002 0.7953125 0.4312500000000002 0.7953125 0.4500000000000002 0.8296875 0.4500000000000002
3 0.6640625 0.3843750000000001 0.6109375 0.3843750000000001 0.6109375 0.4671875 0.6640625 0.4671875
3 0.825 0.3890625000000001 0.8015625 0.3890625000000001 0.8015625 0.4281250000000002 0.825 0.4281250000000002
3 0.17187500000000006 0.521875 0.06562500000000007 0.521875 0.06562500000000007 0.64375 0.17187500000000008 0.64375
0 0.2593750000000001 0.5234375 0.2078125000000001 0.5234375 0.2078125000000001 0.5640625 0.2593750000000001 0.5640625
0 0.13593750000000004 0.390625 0.05468750000000004 0.390625 0.054687500000000056 0.4734375 0.13593750000000004 0.4734375
0 0.7 0.3609375000000001 0.6578125 0.3609375000000001 0.6578125 0.3859375000000001 0.7 0.3859375000000001
0 0.61875 0.3656250000000001 0.5859375 0.3656250000000001 0.5859375 0.38750000000000007 0.61875 0.38750000000000007
0 0.2609375000000001 0.3875 0.05312500000000005 0.3875 0.053125000000000054 0.565625 0.2609375000000001 0.565625
0 0.4171875 0.3593750000000001 0.4046875 0.3593750000000001 0.4046875 0.37187500000000007 0.4171875 0.37187500000000007
0 0.7015625 0.3593750000000001 0.584375 0.3593750000000001 0.584375 0.3906250000000001 0.7015625 0.3906250000000001
0 0.8390625 0.3859375000000001 0.821875 0.3859375000000001 0.821875 0.4000000000000002 0.8390625 0.4000000000000002
0 0.4421875 0.3656250000000001 0.43125 0.3656250000000001 0.43125 0.3781250000000001 0.4421875 0.3781250000000001
1 0.7421875 0.2500000000000001 0.5671875 0.2500000000000001 0.5671875 0.5546875000000001 0.7421875 0.5546875000000002
1 0.8546875 0.34843750000000007 0.7765625 0.34843750000000007 0.7765625 0.4671875000000002 0.8546875 0.4671875000000002
1 0.446875 0.3343750000000001 0.3921875 0.3343750000000001 0.3921875 0.4265625 0.446875 0.4265625