2 0.5687500000000001 0.6921875 0.5375 0.6921875 0.5375000000000001 0.7734375 0.5687500000000002 0.7734375
2 0.6296875 0.3265625000000001 0.609375 0.3265625000000001 0.609375 0.34843750000000007 0.6296875 0.34843750000000007
3 0.6687500000000001 0.6984375 0.584375 0.6984375 0.5843750000000001 0.7578125 0.6687500000000002 0.7578125
3 0.665625 0.3234375000000001 0.63125 0.3234375000000001 0.63125 0.3421875000000001 0.665625 0.3421875000000001
0 0.6984375000000002 0.753125 0.6671875000000002 0.753125 0.6671875000000002 0.8015625 0.6984375000000002 0.8015625
0 0.66875 0.6640625 0.6484375 0.6640625 0.6484375 0.7078125 0.66875 0.7078125
0 0.7015625000000001 0.6625 0.6484375 0.6625 0.6484375000000001 0.803125 0.7015625000000002 0.803125
0 0.659375 0.3062500000000001 0.646875 0.3062500000000001 0.646875 0.3218750000000001 0.659375 0.3218750000000001
0 0.6703125 0.3375000000000001 0.6578125 0.3375000000000001 0.6578125 0.3546875000000001 0.6703125 0.3546875000000001
1 0.7046875 0.2968750000000001 0.5859375 0.2968750000000001 0.5859375 0.3734375000000001 0.7046875 0.3734375000000001
1 0.83125 0.6531250000000001 0.478125 0.653125 0.4781250000000001 0.821875 0.83125 0.821875
0 0.671875 0.3062500000000001 0.646875 0.3062500000000001 0.646875 0.3546875000000001 0.671875 0.3546875000000001