2 0.565625 0.2593750000000001 0.5328125 0.2593750000000001 0.5328125 0.3453125000000001 0.565625 0.3453125000000001
2 0.4468750000000002 0.8375 0.40937500000000016 0.8375 0.40937500000000016 0.8921875 0.4468750000000002 0.8921875
3 0.665625 0.2718750000000001 0.575 0.2718750000000001 0.575 0.3296875000000001 0.665625 0.3296875000000001
3 0.5500000000000002 0.8203125 0.4625000000000002 0.8203125 0.4625000000000002 0.8796875 0.5500000000000002 0.8796875
3 0.415625 0.596875 0.37187500000000007 0.596875 0.37187500000000007 0.6203125 0.415625 0.6203125
0 0.5843750000000002 0.8609375 0.5531250000000002 0.8609375 0.5531250000000002 0.8953125 0.5843750000000002 0.8953125
0 0.684375 0.3203125000000001 0.6625 0.3203125000000001 0.6625 0.3593750000000001 0.684375 0.3593750000000001
0 0.5453125000000002 0.7703125 0.5203125000000002 0.7703125 0.5203125000000002 0.8109375 0.5453125000000002 0.8109375
0 0.6859375 0.2312500000000001 0.6625 0.2312500000000001 0.6625 0.2734375000000001 0.6859375 0.2734375000000001
0 0.428125 0.6109375 0.4125 0.6109375 0.4125 0.625 0.428125 0.625
0 0.5859375000000002 0.765625 0.5171875000000001 0.765625 0.5171875000000001 0.896875 0.5859375000000002 0.896875
0 0.4109375 0.58125 0.3984375000000001 0.58125 0.3984375000000001 0.59375 0.4109375 0.59375
1 0.6625000000000002 0.73125 0.3687500000000001 0.73125 0.3687500000000001 0.925 0.6625000000000002 0.925
1 0.815625 0.18906250000000008 0.484375 0.18906250000000005 0.484375 0.3859375000000001 0.815625 0.3859375000000001
1 0.4671875 0.5734375 0.3234375000000001 0.5734375 0.3234375000000001 0.66875 0.4671875 0.66875