2 0.4437500000000001 0.6890625 0.39531250000000007 0.6890625 0.39531250000000007 0.7765625 0.4437500000000002 0.7765625
2 0.6390625 0.3968750000000001 0.6109375 0.3968750000000001 0.6109375 0.475 0.6390625 0.475
3 0.73125 0.4062500000000001 0.659375 0.40625 0.659375 0.45781250000000007 0.73125 0.4578125000000002
3 0.5843750000000001 0.6828125 0.46875 0.6828125 0.4687500000000001 0.7546875 0.5843750000000002 0.7546875
0 0.6234375000000002 0.7421875 0.5828125000000002 0.7421875 0.5828125000000002 0.803125 0.6234375000000002 0.803125
0 0.7609375 0.4468750000000002 0.7328125 0.4468750000000002 0.7328125 0.4906250000000002 0.7609375 0.4906250000000002
0 0.7453125 0.3609375000000001 0.7171875 0.3609375000000001 0.7171875 0.40312500000000007 0.7453125 0.4031250000000002
0 0.575 0.6328125 0.5484375 0.6328125 0.5484375 0.684375 0.575 0.684375
0 0.7640625 0.3593750000000001 0.7171875 0.3593750000000001 0.7171875 0.4937500000000001 0.7640625 0.4937500000000002
0 0.6265625000000001 0.6296875 0.5484375 0.6296875 0.5484375000000001 0.80625 0.6265625000000001 0.80625
1 0.871875 0.3343750000000001 0.534375 0.3343750000000001 0.534375 0.5250000000000001 0.871875 0.5250000000000001
1 0.7671875000000001 0.6187500000000001 0.3234375000000001 0.61875 0.3234375000000001 0.871875 0.7671875000000001 0.871875