1 0.20468750000000005 0.17343750000000002 0.08750000000000002 0.1734375 0.08750000000000004 0.403125 0.20468750000000008 0.403125
2 0.99375 0.39531250000000007 0.9078125 0.39531250000000007 0.9078125 0.4312500000000002 0.99375 0.4312500000000002
2 0.19375000000000003 0.328125 0.14375000000000004 0.328125 0.14375000000000004 0.3609375 0.19375000000000003 0.3609375
2 0.6453125 0.2921875000000001 0.5890625 0.2921875000000001 0.5890625 0.32500000000000007 0.6453125 0.32500000000000007
3 0.18593750000000003 0.26875 0.15000000000000005 0.26875 0.15000000000000005 0.31875 0.18593750000000003 0.31875
3 0.628125 0.2484375000000001 0.5921875 0.2484375000000001 0.5921875 0.2984375000000001 0.628125 0.2984375000000001
3 0.409375 0.2562500000000001 0.3859375 0.2562500000000001 0.3859375 0.2953125000000001 0.409375 0.2953125000000001
3 0.9765625 0.2765625000000001 0.9046875 0.2765625000000001 0.9046875 0.3781250000000001 0.9765625 0.3781250000000001
0 0.90625 0.27812500000000007 0.8546875 0.27812500000000007 0.8546875 0.30937500000000007 0.90625 0.30937500000000007
0 1 0.2484375000000001 0.9703125 0.2484375000000001 0.9703125 0.2828125000000001 1 0.2828125000000001
0 0.13750000000000004 0.25625 0.10468750000000004 0.25625 0.10468750000000004 0.278125 0.13750000000000004 0.278125
0 0.646875 0.2234375000000001 0.6203125 0.2234375000000001 0.6203125 0.24218750000000008 0.646875 0.24218750000000008
0 0.590625 0.24375000000000008 0.5640625 0.24375000000000008 0.5640625 0.26250000000000007 0.590625 0.26250000000000007
0 0.409375 0.22812500000000008 0.390625 0.22812500000000008 0.390625 0.2500000000000001 0.409375 0.2500000000000001
0 0.9984375 0.24375000000000008 0.8515625 0.24375000000000008 0.8515625 0.30937500000000007 0.9984375 0.30937500000000007
0 0.3765625 0.26875000000000004 0.3609375 0.26875 0.3609375 0.28906250000000006 0.3765625 0.2890625000000001
0 0.6515625 0.2218750000000001 0.5625 0.2218750000000001 0.5625 0.2640625000000001 0.6515625 0.2640625000000001
0 0.19843750000000004 0.2546875 0.17343750000000005 0.2546875 0.17343750000000005 0.2734375 0.19843750000000004 0.2734375
1 0.6734375 0.16406250000000008 0.55625 0.16406250000000008 0.55625 0.3625000000000001 0.6734375 0.3625000000000001
1 0.45 0.20156250000000003 0.3359375 0.2015625 0.3359375 0.353125 0.45 0.3531250000000001
1 0.9984375 0.12343750000000012 0.8296875 0.12343750000000009 0.8296875 0.49218750000000017 0.9984375 0.49218750000000017
0 0.19843750000000004 0.2546875 0.10625000000000004 0.2546875 0.10625000000000004 0.278125 0.19843750000000004 0.278125
2 0.428125 0.28593750000000007 0.4015625 0.28593750000000007 0.4015625 0.3218750000000001 0.428125 0.3218750000000001
0 0.409375 0.22812500000000005 0.359375 0.228125 0.359375 0.28906250000000006 0.409375 0.2890625000000001