2 0.7765625 0.51875 0.6703125 0.51875 0.6703125 0.5421875 0.7765625 0.5421875000000002
2 0.3000000000000001 0.4703125 0.23437500000000008 0.4703125 0.23437500000000008 0.5015625 0.3000000000000001 0.5015625
3 0.2968750000000001 0.4171875 0.2312500000000001 0.4171875 0.2312500000000001 0.4609375 0.2968750000000001 0.4609375
3 0.7578125 0.44218750000000007 0.6765625 0.4421875 0.6765625 0.5062500000000001 0.7578125 0.5062500000000002
0 0.815625 0.42187500000000017 0.746875 0.42187500000000017 0.746875 0.4437500000000002 0.815625 0.4437500000000002
0 0.675 0.425 0.6140625 0.425 0.6140625 0.4484375 0.675 0.4484375
0 0.2312500000000001 0.3921875 0.17656250000000004 0.3921875 0.17656250000000004 0.4078125 0.2312500000000001 0.4078125
0 0.34062500000000007 0.3953125 0.29375000000000007 0.3953125 0.29375000000000007 0.409375 0.34062500000000007 0.409375
0 0.3437500000000001 0.3921875 0.17500000000000004 0.3921875 0.17500000000000004 0.4109375 0.3437500000000001 0.4109375
0 0.81875 0.41875000000000007 0.6140625 0.41875 0.6140625 0.4484375000000001 0.81875 0.44843750000000016
1 0.36562500000000003 0.31250000000000006 0.14687500000000003 0.3125 0.14687500000000003 0.51875 0.3656250000000001 0.51875
1 0.8640625 0.3546875000000001 0.603125 0.3546875000000001 0.603125 0.5828125000000001 0.8640625 0.5828125000000002