2 0.478125 0.11562500000000005 0.4125 0.11562500000000005 0.4125 0.2562500000000001 0.478125 0.2562500000000001
2 0.6250000000000001 0.7140625 0.5625 0.7140625 0.5625000000000001 0.8046875 0.6250000000000002 0.8046875
3 0.6328125 0.16562500000000008 0.4859375 0.16562500000000005 0.4859375 0.2640625000000001 0.6328125 0.2640625000000001
3 0.7406250000000001 0.70625 0.625 0.70625 0.6250000000000001 0.7812500000000001 0.7406250000000002 0.7812500000000002
0 0.6328125 0.2812500000000001 0.5796875 0.2812500000000001 0.5796875 0.3437500000000001 0.6328125 0.3437500000000001
0 0.7328125 0.11875000000000009 0.6609375 0.11875000000000009 0.6609375 0.2000000000000001 0.7328125 0.2000000000000001
0 0.7781250000000002 0.7562500000000002 0.7406250000000002 0.7562500000000002 0.7406250000000002 0.8078125 0.7781250000000002 0.8078125
0 0.725 0.64375 0.6875 0.64375 0.6875 0.690625 0.725 0.690625
0 0.7796875000000001 0.6421875000000001 0.6859375 0.6421875 0.6859375000000001 0.8109375 0.7796875000000002 0.8109375
0 0.7328125 0.11718750000000008 0.5765625 0.11718750000000008 0.5765625 0.3453125000000001 0.7328125 0.3453125000000001
1 0.8984375 0.0015625000000000732 0.2921875 0.001562500000000036 0.29218750000000004 0.38125000000000003 0.8984375 0.3812500000000001
1 0.8671875 0.6156250000000001 0.475 0.615625 0.4750000000000001 0.86875 0.8671875 0.86875