2 0.921875 0.6765625000000002 0.834375 0.6765625000000002 0.834375 0.7203125000000001 0.921875 0.7203125000000001
2 0.2750000000000001 0.6875 0.1921875000000001 0.6875 0.1921875000000001 0.725 0.2750000000000001 0.725
3 0.9125 0.7437500000000001 0.84375 0.7437500000000001 0.84375 0.8375 0.9125 0.8375
3 0.26250000000000007 0.73125 0.2062500000000001 0.73125 0.2062500000000001 0.8046875 0.26250000000000007 0.8046875
0 0.9671875 0.8453125 0.9078125 0.8453125 0.9078125 0.8859375 0.9671875 0.8859375
0 0.8484375 0.821875 0.7984375000000001 0.821875 0.7984375000000001 0.85625 0.8484375 0.85625
0 0.3062500000000001 0.790625 0.2656250000000001 0.790625 0.2656250000000001 0.815625 0.3062500000000001 0.815625
0 0.96875 0.8203125 0.7953125000000002 0.8203125 0.7953125000000002 0.8890625 0.96875 0.8890625
0 0.21875000000000008 0.815625 0.2093750000000001 0.815625 0.2093750000000001 0.83125 0.21875000000000008 0.83125
0 0.2171875000000001 0.815625 0.18906250000000008 0.815625 0.18906250000000008 0.8453125 0.2171875000000001 0.8453125
0 0.3062500000000001 0.790625 0.2062500000000001 0.790625 0.2062500000000001 0.8359375 0.3062500000000001 0.8359375
1 0.34062500000000007 0.6390625 0.1687500000000001 0.6390625 0.16875000000000012 0.921875 0.34062500000000007 0.921875
1 0.996875 0.6156250000000002 0.7875 0.6156250000000002 0.7875000000000001 0.9890625 0.996875 0.9890625