2 0.259375 0.259375 0.209375 0.259375 0.209375 0.278125 0.259375 0.278125
2 0.7328125000000002 0.7406250000000001 0.6703125000000002 0.740625 0.6703125000000002 0.7562500000000001 0.7328125000000002 0.7562500000000002
2 0.29375000000000007 0.7328125 0.2156250000000001 0.7328125 0.2156250000000001 0.75 0.29375000000000007 0.75
3 0.2921875000000001 0.7515625 0.2375000000000001 0.7515625 0.2375000000000001 0.7921875 0.2921875000000001 0.7921875
3 0.2515625 0.2828125 0.2140625 0.2828125 0.2140625 0.3171875 0.2515625 0.3171875
3 0.7281250000000001 0.76875 0.6875000000000002 0.76875 0.6875000000000002 0.8046875 0.7281250000000001 0.8046875
0 0.2109375 0.3140625 0.17343750000000005 0.3140625 0.17343750000000005 0.3265625 0.2109375 0.3265625
0 0.709375 0.28593750000000007 0.675 0.28593750000000007 0.675 0.2984375000000001 0.709375 0.2984375000000001
0 0.6890625000000001 0.79375 0.6515625000000002 0.79375 0.6515625000000002 0.80625 0.6890625000000001 0.80625
0 0.2734375 0.3109375 0.246875 0.3109375 0.246875 0.3234375 0.2734375 0.3234375
0 0.7609375000000002 0.7921875000000002 0.7296875000000002 0.7921875000000002 0.7296875000000002 0.803125 0.7609375000000002 0.803125
0 0.2500000000000001 0.790625 0.20312500000000008 0.790625 0.20312500000000008 0.803125 0.2500000000000001 0.803125
0 0.778125 0.2734375000000001 0.746875 0.2734375000000001 0.746875 0.28593750000000007 0.778125 0.28593750000000007
0 0.3359375000000001 0.778125 0.2968750000000001 0.778125 0.2968750000000001 0.790625 0.3359375000000001 0.790625
0 0.2765625 0.3109375 0.17187500000000006 0.3109375 0.17187500000000006 0.328125 0.2765625 0.328125
1 0.3468750000000001 0.70625 0.18125000000000008 0.70625 0.18125000000000008 0.86875 0.3468750000000001 0.86875
1 0.76875 0.7203125000000001 0.63125 0.7203125 0.6312500000000001 0.8609375 0.7687500000000002 0.8609375
1 0.2828125 0.2359375 0.12968750000000004 0.2359375 0.12968750000000004 0.3796875 0.2828125000000001 0.3796875
1 0.7890625 0.21250000000000008 0.6484375 0.21250000000000008 0.6484375 0.3437500000000001 0.7890625 0.3437500000000001
0 0.78125 0.2718750000000001 0.675 0.2718750000000001 0.675 0.3000000000000001 0.78125 0.3000000000000001
0 0.3375000000000001 0.778125 0.20312500000000008 0.778125 0.20312500000000008 0.803125 0.3375000000000001 0.803125
0 0.7593750000000001 0.7937500000000001 0.6531250000000002 0.79375 0.6531250000000002 0.80625 0.7593750000000001 0.80625