2 0.728125 0.3703125000000001 0.65 0.3703125000000001 0.65 0.39531250000000007 0.728125 0.39531250000000007
2 0.3734375 0.29218750000000004 0.31875 0.2921875 0.31875 0.32500000000000007 0.3734375 0.32500000000000007
3 0.3640625 0.22187500000000004 0.3203125 0.221875 0.3203125 0.28437500000000004 0.3640625 0.2843750000000001
3 0.71875 0.2578125000000001 0.6625 0.2578125000000001 0.6625 0.3500000000000001 0.71875 0.3500000000000001
0 0.7703125 0.2375000000000001 0.721875 0.2375000000000001 0.721875 0.2687500000000001 0.7703125 0.2687500000000001
0 0.3859375 0.20468750000000005 0.3625 0.2046875 0.3625 0.22500000000000003 0.3859375 0.2250000000000001
0 0.321875 0.19843750000000004 0.290625 0.19843750000000004 0.290625 0.2203125 0.321875 0.2203125
0 0.6703125 0.2453125000000001 0.63125 0.2453125000000001 0.63125 0.2734375000000001 0.6703125 0.2734375000000001
0 0.7734375 0.23593750000000008 0.628125 0.23593750000000008 0.628125 0.2734375000000001 0.7734375 0.2734375000000001
0 0.3859375 0.19843750000000004 0.2875 0.19843750000000004 0.2875 0.22500000000000003 0.3859375 0.2250000000000001
1 0.4140625 0.11562500000000005 0.2765625 0.11562500000000005 0.27656250000000004 0.36718750000000006 0.4140625 0.3671875000000001
1 0.8 0.14843750000000008 0.609375 0.14843750000000008 0.609375 0.4625000000000001 0.8 0.4625000000000002