2 0.5765625 0.34843750000000007 0.53125 0.34843750000000007 0.53125 0.409375 0.5765625 0.409375
2 0.5281250000000001 0.6765625 0.490625 0.6765625 0.4906250000000001 0.7484375 0.5281250000000002 0.7484375
3 0.5171875 0.3656250000000001 0.4328125 0.3656250000000001 0.4328125 0.415625 0.5171875 0.415625
3 0.47343750000000007 0.675 0.3890625000000001 0.675 0.3890625000000001 0.728125 0.4734375000000002 0.728125
0 0.465625 0.425 0.4359375 0.425 0.4359375 0.459375 0.465625 0.459375
0 0.4328125 0.34843750000000007 0.4015625 0.34843750000000007 0.4015625 0.3828125000000001 0.4328125 0.3828125000000001
0 0.3828125000000001 0.715625 0.3515625000000001 0.715625 0.3515625000000001 0.765625 0.3828125000000001 0.765625
0 0.403125 0.640625 0.3781250000000001 0.640625 0.3781250000000001 0.675 0.403125 0.675
0 0.4671875 0.3437500000000001 0.4 0.3437500000000001 0.4 0.4609375 0.4671875 0.4609375
0 0.4062500000000001 0.6390625 0.3500000000000001 0.6390625 0.3500000000000001 0.76875 0.40625000000000017 0.76875
1 0.5843750000000001 0.6328125 0.2218750000000001 0.6328125 0.2218750000000001 0.8234375 0.5843750000000002 0.8234375
1 0.61875 0.31250000000000006 0.321875 0.3125 0.321875 0.46875 0.61875 0.46875