2 0.3062500000000001 0.5734375 0.21875000000000008 0.5734375 0.21875000000000008 0.6171875 0.3062500000000001 0.6171875
2 0.7578125 0.5765625000000001 0.6703125 0.5765625 0.6703125 0.6031250000000001 0.7578125 0.6031250000000001
3 0.7453125 0.6218750000000001 0.6859375 0.621875 0.6859375 0.6625000000000001 0.7453125 0.6625000000000002
3 0.2843750000000001 0.640625 0.22031250000000008 0.640625 0.22031250000000008 0.73125 0.2843750000000001 0.73125
0 0.3218750000000001 0.74375 0.2718750000000001 0.74375 0.2718750000000001 0.771875 0.3218750000000001 0.771875
0 0.796875 0.6968750000000001 0.75 0.6968750000000001 0.75 0.7250000000000002 0.796875 0.7250000000000002
0 0.6984375 0.6984375 0.65625 0.6984375 0.65625 0.725 0.6984375 0.725
0 0.2093750000000001 0.7265625 0.15000000000000008 0.7265625 0.15000000000000008 0.7515625 0.2093750000000001 0.7515625
0 0.3234375000000001 0.725 0.14843750000000008 0.725 0.14843750000000008 0.775 0.3234375000000001 0.775
1 0.3609375000000001 0.50625 0.11406250000000004 0.50625 0.1140625000000001 0.915625 0.3609375000000001 0.915625
1 0.825 0.5265625 0.63125 0.5265625 0.6312500000000001 0.7703125000000001 0.825 0.7703125000000002
0 0.8015625 0.6921875000000001 0.65 0.6921875 0.6500000000000001 0.7328125000000001 0.8015625 0.7328125000000002