2 0.6484375 0.553125 0.6203125 0.553125 0.6203125 0.6015625 0.6484375 0.6015625
2 0.646875 0.3453125000000001 0.6203125 0.3453125000000001 0.6203125 0.3906250000000001 0.646875 0.3906250000000001
3 0.6125 0.5609375 0.5546875 0.5609375 0.5546875 0.5953125 0.6125 0.5953125
3 0.6109375 0.35625000000000007 0.5515625 0.35625000000000007 0.5515625 0.3906250000000001 0.6109375 0.3906250000000001
0 0.5546875 0.3343750000000001 0.5296875 0.3343750000000001 0.5296875 0.3656250000000001 0.5546875 0.3656250000000001
0 0.565625 0.3890625000000001 0.5421875 0.3890625000000001 0.5421875 0.4171875 0.565625 0.4171875
0 0.565625 0.5390625 0.540625 0.5390625 0.540625 0.56875 0.565625 0.56875
0 0.5765625 0.5953125 0.5546875 0.5953125 0.5546875 0.6265625 0.5765625 0.6265625
0 0.5765625 0.5375 0.5359375 0.5375 0.5359375 0.6265625 0.5765625 0.6265625
0 0.565625 0.3343750000000001 0.5265625 0.3343750000000001 0.5265625 0.41875 0.565625 0.41875
1 0.6828125 0.30937500000000007 0.4453125 0.30937500000000007 0.4453125 0.4234375 0.6828125 0.4234375
1 0.6859375 0.5265625 0.4640625 0.5265625 0.4640625 0.6375 0.6859375 0.6375