2 0.6234375000000001 0.6609375 0.5859375 0.6609375 0.5859375000000001 0.809375 0.6234375000000002 0.809375
2 0.6328125 0.23437500000000008 0.5921875 0.23437500000000008 0.5921875 0.3468750000000001 0.6328125 0.3468750000000001
3 0.7187500000000001 0.6703125 0.6375 0.6703125 0.6375000000000001 0.7921875 0.7187500000000002 0.7921875
3 0.7234375 0.2734375000000001 0.6421875 0.2734375000000001 0.6421875 0.37187500000000007 0.7234375 0.37187500000000007
0 0.7421875000000002 0.7859375000000001 0.7109375000000002 0.7859375 0.7109375000000002 0.884375 0.7421875000000002 0.884375
0 0.734375 0.5984375000000001 0.709375 0.5984375 0.709375 0.6828125 0.734375 0.6828125000000002
0 0.7609375 0.22031250000000008 0.7296875 0.22031250000000008 0.7296875 0.3046875000000001 0.7609375 0.3046875000000001
0 0.71875 0.39531250000000007 0.696875 0.39531250000000007 0.696875 0.4671875 0.71875 0.4671875
0 0.7625 0.21875000000000008 0.6953125 0.21875000000000008 0.6953125 0.4703125000000001 0.7625 0.4703125000000002
0 0.7437500000000001 0.5953125000000001 0.7078125 0.5953125 0.7078125000000001 0.8859375 0.7437500000000001 0.8859375
1 0.828125 0.0750000000000001 0.5640625 0.07500000000000007 0.5640625 0.49687500000000007 0.828125 0.4968750000000002
1 0.8390625 0.5703125000000001 0.5453125 0.5703125 0.5453125000000001 0.9421875 0.8390625 0.9421875