2 0.3078125000000001 0.4859375 0.23437500000000008 0.4859375 0.23437500000000008 0.50625 0.3078125000000001 0.50625
2 0.6046875 0.4171875 0.528125 0.4171875 0.528125 0.4359375 0.6046875 0.4359375
3 0.2984375000000001 0.43125 0.2390625000000001 0.43125 0.2390625000000001 0.4796875 0.2984375000000001 0.4796875
3 0.5875 0.3609375000000001 0.5328125 0.3609375000000001 0.5328125 0.4140625 0.5875 0.4140625
3 0.584375 0.38750000000000007 0.5328125 0.38750000000000007 0.5328125 0.4125 0.584375 0.4125
0 0.3265625000000001 0.41875 0.2906250000000001 0.41875 0.2906250000000001 0.4375 0.3265625000000001 0.4375
0 0.24218750000000008 0.4265625 0.2000000000000001 0.4265625 0.2000000000000001 0.44375 0.24218750000000008 0.44375
0 0.540625 0.3625000000000001 0.5109375 0.3625000000000001 0.5109375 0.3734375000000001 0.540625 0.3734375000000001
0 0.3296875000000001 0.4171875 0.19531250000000006 0.4171875 0.19531250000000006 0.44375 0.3296875000000001 0.44375
1 0.634375 0.3031250000000001 0.4953125 0.3031250000000001 0.4953125 0.4640625 0.634375 0.4640625
1 0.3468750000000001 0.3671875 0.16875000000000004 0.3671875 0.16875000000000004 0.53125 0.3468750000000001 0.53125