2 0.6328125 0.3765625000000001 0.5984375 0.3765625000000001 0.5984375 0.428125 0.6328125 0.428125
2 0.6375 0.5234375 0.609375 0.5234375 0.609375 0.5796875 0.6375 0.5796875
3 0.5875 0.3890625000000001 0.525 0.3890625000000001 0.525 0.4265625 0.5875 0.4265625
3 0.6 0.5328125 0.54375 0.5328125 0.54375 0.5671875 0.6 0.5671875
0 0.5265625 0.36406250000000007 0.5046875 0.36406250000000007 0.5046875 0.39531250000000007 0.5265625 0.39531250000000007
0 0.5484375 0.5046875 0.5265625 0.5046875 0.5265625 0.5328125 0.5484375 0.5328125
0 0.54375 0.5640625 0.525 0.5640625 0.525 0.5859375 0.54375 0.5859375
0 0.534375 0.421875 0.5125 0.421875 0.5125 0.45 0.534375 0.45
0 0.55 0.503125 0.521875 0.503125 0.521875 0.5875 0.55 0.5875
0 0.5359375 0.3609375000000001 0.5046875 0.3609375000000001 0.5046875 0.4515625 0.5359375 0.4515625
1 0.671875 0.3343750000000001 0.4109375 0.3343750000000001 0.4109375 0.459375 0.671875 0.459375
1 0.671875 0.490625 0.4375 0.490625 0.4375 0.603125 0.671875 0.603125