1 0.7359375000000001 0.7875000000000001 0.5656250000000002 0.7875 0.5656250000000002 0.934375 0.7359375000000001 0.934375
2 0.6546875 0.10468750000000009 0.6203125 0.10468750000000009 0.6203125 0.1828125000000001 0.6546875 0.1828125000000001
2 0.5171875 0.425 0.4859375 0.425 0.4859375 0.48125 0.5171875 0.48125
2 0.546875 0.6546875 0.5125 0.6546875 0.5125 0.7015625 0.546875 0.7015625
3 0.5796875 0.4296875 0.5296875 0.4296875 0.5296875 0.4765625 0.5796875 0.4765625
3 0.6015625 0.6515625 0.55 0.6515625 0.55 0.690625 0.6015625 0.690625
3 0.7484375 0.11250000000000009 0.6671875 0.11250000000000009 0.6671875 0.17187500000000008 0.7484375 0.17187500000000008
3 0.6484375000000002 0.8359375 0.5953125000000001 0.8359375 0.5953125000000001 0.875 0.6484375000000002 0.875
0 0.771875 0.06250000000000008 0.7421875 0.06250000000000008 0.7421875 0.10781250000000009 0.771875 0.10781250000000009
0 0.7640625 0.16406250000000008 0.7359375 0.16406250000000008 0.7359375 0.20312500000000008 0.7640625 0.20312500000000008
0 0.625 0.4625 0.6015625 0.4625 0.6015625 0.4859375 0.625 0.4859375
0 0.6359375 0.6765625 0.6109375 0.6765625 0.6109375 0.7046875 0.6359375 0.7046875
0 0.6078125 0.6140625 0.584375 0.6140625 0.584375 0.6421875 0.6078125 0.6421875
0 0.6015625 0.38750000000000007 0.5796875 0.38750000000000007 0.5796875 0.421875 0.6015625 0.421875
0 0.6781250000000002 0.8640625 0.6562500000000002 0.8640625 0.6562500000000002 0.8921875 0.6781250000000002 0.8921875
0 0.6437500000000002 0.8015625 0.6203125000000002 0.8015625 0.6203125000000002 0.825 0.6437500000000002 0.825
0 0.6375 0.6125 0.58125 0.6125 0.58125 0.70625 0.6375 0.70625
0 0.775 0.06093750000000009 0.734375 0.06093750000000009 0.734375 0.20468750000000008 0.775 0.20468750000000008
0 0.6265625 0.3843750000000001 0.5765625 0.3843750000000001 0.5765625 0.4875 0.6265625 0.4875
1 0.69375 0.37187500000000007 0.4375 0.37187500000000007 0.4375 0.528125 0.69375 0.528125
1 0.7015625000000001 0.5953125 0.4765625 0.5953125 0.4765625000000001 0.73125 0.7015625000000002 0.73125
1 0.859375 0.034375000000000086 0.5578125 0.034375000000000065 0.5578125 0.2296875000000001 0.859375 0.2296875000000001