1 0.6921875 0.5046875 0.5453125 0.5046875 0.5453125 0.6078125 0.6921875 0.6078125
2 0.64375 0.32500000000000007 0.6125 0.32500000000000007 0.6125 0.37187500000000007 0.64375 0.37187500000000007
2 0.6046875 0.5390625 0.5703125 0.5390625 0.5703125 0.58125 0.6046875 0.58125
2 0.496875 0.13281250000000006 0.4625 0.13281250000000006 0.4625 0.2078125000000001 0.496875 0.2078125000000001
3 0.578125 0.15312500000000007 0.50625 0.15312500000000004 0.50625 0.2078125000000001 0.578125 0.2078125000000001
3 0.6921875 0.3359375000000001 0.6484375 0.3359375000000001 0.6484375 0.3734375000000001 0.6921875 0.3734375000000001
3 0.665625 0.55 0.6140625 0.55 0.6140625 0.575 0.665625 0.575
0 0.5921875 0.21093750000000008 0.5703125 0.21093750000000008 0.5703125 0.2484375000000001 0.5921875 0.2484375000000001
0 0.715625 0.3234375000000001 0.6984375 0.3234375000000001 0.6984375 0.34843750000000007 0.715625 0.34843750000000007
0 0.6734375 0.5203125 0.6578125 0.5203125 0.6578125 0.5421875 0.6734375 0.5421875
0 0.6953125 0.3765625000000001 0.6765625 0.3765625000000001 0.6765625 0.4015625 0.6953125 0.4015625
0 0.671875 0.575 0.659375 0.575 0.659375 0.59375 0.671875 0.59375
0 0.5984375 0.11250000000000009 0.5765625 0.11250000000000009 0.5765625 0.1687500000000001 0.5984375 0.1687500000000001
0 0.7171875 0.3218750000000001 0.6734375 0.3218750000000001 0.6734375 0.403125 0.7171875 0.403125
0 0.6015625 0.11093750000000009 0.5671875 0.11093750000000009 0.5671875 0.2484375000000001 0.6015625 0.2484375000000001
0 0.6140625 0.478125 0.6015625 0.478125 0.6015625 0.490625 0.6140625 0.490625
1 0.7390625 0.2953125000000001 0.575 0.2953125000000001 0.575 0.4203125000000001 0.7390625 0.4203125000000002
1 0.703125 0.07031250000000007 0.409375 0.07031250000000004 0.409375 0.25468750000000007 0.703125 0.25468750000000007
1 0.61875 0.4375 0.540625 0.4375 0.540625 0.4796875 0.61875 0.4796875
1 0.5781250000000002 0.8609375 0.5328125000000001 0.8609375 0.5328125000000001 0.8953125 0.5781250000000002 0.8953125
1 0.575 0.6734375 0.5125 0.6734375 0.5125 0.7125 0.575 0.7125