2 0.8203125 0.4890625000000002 0.7296875 0.4890625000000002 0.7296875 0.5296875000000002 0.8203125 0.5296875000000002
2 0.3578125000000001 0.49375 0.3078125000000001 0.49375 0.3078125000000001 0.5375 0.3578125000000001 0.5375
3 0.8140625 0.3609375000000001 0.7453125 0.3609375000000001 0.7453125 0.4671875000000002 0.8140625 0.4671875000000002
3 0.35625000000000007 0.41875 0.30937500000000007 0.41875 0.30937500000000007 0.48125 0.35625000000000007 0.48125
0 0.753125 0.3359375000000001 0.703125 0.3359375000000001 0.703125 0.3703125000000001 0.753125 0.3703125000000001
0 0.871875 0.3453125000000001 0.815625 0.3453125000000001 0.815625 0.37968750000000007 0.871875 0.37968750000000007
0 0.3078125000000001 0.4 0.27031250000000007 0.4 0.27031250000000007 0.41875 0.3078125000000001 0.41875
0 0.3937500000000001 0.39843750000000006 0.35625000000000007 0.3984375 0.35625000000000007 0.41875 0.3937500000000001 0.41875
0 0.8734375 0.3343750000000001 0.7015625 0.3343750000000001 0.7015625 0.3812500000000001 0.8734375 0.3812500000000001
0 0.3968750000000001 0.39531250000000007 0.2671875000000001 0.3953125 0.2671875000000001 0.421875 0.3968750000000001 0.421875
1 0.41875 0.29531250000000003 0.240625 0.2953125 0.24062500000000003 0.55625 0.41875 0.55625
1 0.8953125 0.2234375000000001 0.6734375 0.2234375000000001 0.6734375 0.58125 0.8953125 0.5812500000000002