2 0.5171875 0.19062500000000004 0.4890625 0.19062500000000004 0.4890625 0.2687500000000001 0.5171875 0.2687500000000001
2 0.5625 0.5203125 0.546875 0.5203125 0.546875 0.5515625 0.5625 0.5515625
3 0.609375 0.2062500000000001 0.53125 0.2062500000000001 0.53125 0.26250000000000007 0.609375 0.26250000000000007
3 0.5984375 0.5265625 0.5640625 0.5265625 0.5640625 0.5453125 0.5984375 0.5453125
0 0.6375 0.16562500000000008 0.60625 0.16562500000000008 0.60625 0.21093750000000008 0.6375 0.21093750000000008
0 0.621875 0.2609375000000001 0.59375 0.2609375000000001 0.59375 0.2984375000000001 0.621875 0.2984375000000001
0 0.640625 0.16406250000000008 0.59375 0.16406250000000008 0.59375 0.30156250000000007 0.640625 0.30156250000000007
0 0.6015625 0.54375 0.5890625 0.54375 0.5890625 0.559375 0.6015625 0.559375
0 0.603125 0.5125 0.590625 0.5125 0.590625 0.528125 0.603125 0.528125
0 0.753125 0.5437500000000002 0.740625 0.5437500000000002 0.740625 0.5562500000000001 0.753125 0.5562500000000001
1 0.7578125 0.13906250000000006 0.434375 0.13906250000000003 0.434375 0.3109375000000001 0.7578125 0.3109375000000001
1 0.6421875 0.5015625 0.5296875 0.5015625 0.5296875 0.571875 0.6421875 0.571875
1 0.7796875 0.5093750000000001 0.6953125 0.509375 0.6953125 0.5593750000000001 0.7796875 0.5593750000000002
0 0.759375 0.5187500000000002 0.746875 0.5187500000000002 0.746875 0.5312500000000002 0.759375 0.5312500000000002
0 0.759375 0.5187500000000002 0.740625 0.5187500000000002 0.740625 0.5562500000000001 0.759375 0.5562500000000001
3 0.746875 0.5281250000000001 0.725 0.528125 0.725 0.5406250000000001 0.746875 0.5406250000000001
2 0.725 0.521875 0.709375 0.521875 0.709375 0.540625 0.725 0.540625
0 0.603125 0.5125 0.5875 0.5125 0.5875 0.559375 0.603125 0.559375