2 0.728125 0.48125000000000007 0.60625 0.48125 0.60625 0.5250000000000001 0.728125 0.5250000000000001
2 0.27187500000000003 0.340625 0.17968750000000006 0.340625 0.17968750000000006 0.36875 0.2718750000000001 0.36875
3 0.2640625 0.290625 0.19843750000000004 0.290625 0.19843750000000004 0.340625 0.2640625 0.340625
3 0.7140625 0.40625 0.6171875 0.40625 0.6171875 0.4640625 0.7140625 0.4640625
0 0.7921875 0.3578125000000001 0.7109375 0.3578125000000001 0.7109375 0.38750000000000007 0.7921875 0.38750000000000007
0 0.625 0.3609375000000001 0.559375 0.3609375000000001 0.559375 0.38750000000000007 0.625 0.38750000000000007
0 0.3265625 0.284375 0.278125 0.284375 0.278125 0.303125 0.3265625 0.303125
0 0.225 0.259375 0.18906250000000005 0.259375 0.18906250000000005 0.278125 0.225 0.278125
0 0.7953125 0.3546875000000001 0.55625 0.3546875000000001 0.55625 0.3890625000000001 0.7953125 0.3890625000000001
0 0.3296875 0.259375 0.18593750000000003 0.259375 0.18593750000000003 0.3046875 0.3296875 0.3046875
1 0.8765625 0.2453125000000001 0.5359375 0.2453125000000001 0.5359375 0.5765625000000001 0.8765625 0.5765625000000002
1 0.36718750000000006 0.19843750000000002 0.14531250000000004 0.1984375 0.14531250000000004 0.4125 0.3671875000000001 0.4125