2 0.39531250000000007 0.51875 0.3109375000000001 0.51875 0.3109375000000001 0.584375 0.39531250000000007 0.584375
2 0.9515625 0.3921875000000001 0.8859375 0.3921875000000001 0.8859375 0.4265625000000002 0.9515625 0.4265625000000002
3 0.4171875 0.36250000000000004 0.346875 0.3625 0.34687500000000004 0.4953125 0.4171875 0.4953125
3 0.94375 0.3140625000000001 0.890625 0.3140625000000001 0.890625 0.3828125000000001 0.94375 0.3828125000000001
0 0.3609375 0.3109375 0.303125 0.3109375 0.303125 0.3578125 0.3609375 0.3578125
0 0.4640625 0.3625000000000001 0.4234375 0.3625000000000001 0.4234375 0.3984375000000001 0.4640625 0.3984375000000001
0 0.4671875 0.30937500000000007 0.3015625 0.309375 0.30156250000000007 0.403125 0.4671875 0.403125
0 0.9765625 0.3000000000000001 0.946875 0.3000000000000001 0.946875 0.3218750000000001 0.9765625 0.3218750000000001
0 0.903125 0.3046875000000001 0.8703125 0.3046875000000001 0.8703125 0.32500000000000007 0.903125 0.32500000000000007
1 0.484375 0.18125000000000005 0.1875 0.18125000000000005 0.18750000000000006 0.6421875 0.484375 0.6421875
1 0.990625 0.2156250000000001 0.8609375 0.2156250000000001 0.8609375 0.4750000000000002 0.990625 0.4750000000000002
0 0.971875 0.3000000000000001 0.8703125 0.3000000000000001 0.8703125 0.3218750000000001 0.971875 0.3218750000000001