2 0.8109375 0.4515625000000002 0.7359375 0.4515625000000002 0.7359375 0.4984375000000002 0.8109375 0.4984375000000002
2 0.3000000000000001 0.4578125 0.2078125000000001 0.4578125 0.2078125000000001 0.503125 0.3000000000000001 0.503125
3 0.7984375 0.3500000000000001 0.7453125 0.3500000000000001 0.7453125 0.44062500000000016 0.7984375 0.44062500000000016
3 0.28593750000000007 0.3109375 0.2140625 0.3109375 0.21406250000000004 0.43125 0.28593750000000007 0.43125
0 0.334375 0.296875 0.2796875 0.296875 0.2796875 0.334375 0.334375 0.334375
0 0.2125 0.3 0.15468750000000003 0.3 0.15468750000000003 0.3359375 0.2125 0.3359375
0 0.8296875 0.3421875000000001 0.790625 0.3421875000000001 0.790625 0.3625000000000001 0.8296875 0.3625000000000001
0 0.7375 0.3578125000000001 0.6875 0.3578125000000001 0.6875 0.37968750000000007 0.7375 0.37968750000000007
0 0.3359375 0.29375 0.15312500000000004 0.29375 0.15312500000000004 0.3390625 0.3359375 0.3390625
1 0.37031250000000004 0.15781250000000002 0.128125 0.1578125 0.12812500000000004 0.559375 0.3703125000000001 0.559375
1 0.8515625 0.20468750000000008 0.6484375 0.20468750000000008 0.6484375 0.55 0.8515625 0.5500000000000002