2 0.4796875 0.63125 0.3703125000000001 0.63125 0.3703125000000001 0.7 0.4796875 0.7
2 0.83125 0.5062500000000001 0.7 0.50625 0.7 0.5578125 0.83125 0.5578125000000002
3 0.478125 0.4625 0.3968750000000001 0.4625 0.3968750000000001 0.603125 0.478125 0.603125
3 0.8203125 0.3765625000000001 0.734375 0.3765625000000001 0.734375 0.4812500000000002 0.8203125 0.4812500000000002
0 0.4015625 0.4203125 0.3296875000000001 0.4203125 0.3296875000000001 0.465625 0.4015625 0.465625
0 0.90625 0.33281250000000007 0.83125 0.33281250000000007 0.83125 0.3828125000000001 0.90625 0.3828125000000001
0 0.53125 0.4515625 0.478125 0.4515625 0.478125 0.490625 0.53125 0.490625
0 0.7515625 0.3156250000000001 0.6921875 0.3156250000000001 0.6921875 0.3593750000000001 0.7515625 0.3593750000000001
0 0.534375 0.4203125 0.3265625000000001 0.4203125 0.3265625000000001 0.4921875 0.534375 0.4921875
0 0.9078125 0.3125000000000001 0.6890625 0.3125000000000001 0.6890625 0.3843750000000001 0.9078125 0.3843750000000001
1 0.55 0.21093750000000006 0.225 0.2109375 0.22500000000000003 0.7765625 0.5500000000000002 0.7765625
1 0.9359375 0.1796875000000001 0.6453125 0.17968750000000008 0.6453125 0.6375000000000001 0.9359375 0.6375000000000002