1 0.9984375 0.45000000000000007 0.634375 0.45 0.6343750000000001 0.925 0.9984375 0.925
2 0.93125 0.5093750000000001 0.728125 0.5093750000000001 0.728125 0.5734375000000002 0.93125 0.5734375000000002
2 0.2656250000000001 0.7140625 0.12500000000000008 0.7140625 0.12500000000000008 0.7390625 0.2656250000000001 0.7390625
3 0.9 0.5875000000000001 0.7625 0.5875000000000001 0.7625 0.7062500000000002 0.9 0.7062500000000002
0 0.76875 0.6937500000000001 0.684375 0.69375 0.6843750000000001 0.7312500000000001 0.7687500000000002 0.7312500000000002
0 0.9984375 0.6968750000000001 0.9046875 0.6968750000000001 0.9046875 0.7437500000000001 0.9984375 0.7437500000000001
0 0.3031250000000001 0.8140625 0.26250000000000007 0.8140625 0.26250000000000007 0.8359375 0.3031250000000001 0.8359375
0 0.1625000000000001 0.8328125 0.12031250000000009 0.8328125 0.12031250000000009 0.8546875 0.1625000000000001 0.8546875
0 0.9984375 0.6921875000000001 0.6765625 0.6921875 0.6765625000000001 0.7453125 0.9984375 0.7453125000000002
0 0.5750000000000002 0.84375 0.5531250000000002 0.84375 0.5531250000000002 0.8625 0.5750000000000002 0.8625
1 0.3609375000000001 0.6515625 0.06406250000000009 0.6515625 0.0640625000000001 0.9546875 0.3609375000000001 0.9546875
3 0.23593750000000008 0.75625 0.1531250000000001 0.75625 0.1531250000000001 0.83125 0.23593750000000008 0.83125