2 0.3500000000000001 0.3703125 0.2718750000000001 0.3703125 0.2718750000000001 0.3953125 0.3500000000000001 0.3953125
2 0.6828125 0.2921875000000001 0.6265625 0.2921875000000001 0.6265625 0.32500000000000007 0.6828125 0.32500000000000007
3 0.68125 0.2218750000000001 0.6375 0.2218750000000001 0.6375 0.2843750000000001 0.68125 0.2843750000000001
3 0.3375 0.2578125 0.28125 0.2578125 0.28125 0.35 0.3375 0.35
0 0.278125 0.2375 0.2296875 0.2375 0.2296875 0.26875 0.278125 0.26875
0 0.6390625 0.2062500000000001 0.615625 0.2062500000000001 0.615625 0.2250000000000001 0.6390625 0.2250000000000001
0 0.7109375 0.1984375000000001 0.6796875 0.1984375000000001 0.6796875 0.22031250000000008 0.7109375 0.22031250000000008
0 0.3703125 0.24531250000000004 0.33125 0.2453125 0.33125 0.27343750000000006 0.3703125 0.2734375000000001
0 0.3734375 0.23593750000000005 0.228125 0.2359375 0.228125 0.27343750000000006 0.3734375 0.2734375000000001
0 0.7140625 0.1984375000000001 0.6140625 0.1984375000000001 0.6140625 0.22656250000000008 0.7140625 0.22656250000000008
1 0.725 0.11562500000000009 0.5875 0.11562500000000009 0.5875 0.3671875000000001 0.725 0.3671875000000001
1 0.3921875 0.15000000000000005 0.2015625 0.15000000000000005 0.20156250000000003 0.4625 0.3921875000000001 0.4625