1 0.478125 0.07187500000000005 0.0984375 0.07187500000000002 0.09843750000000002 0.27812500000000007 0.478125 0.27812500000000007
2 0.3500000000000001 0.678125 0.3000000000000001 0.678125 0.3000000000000001 0.7578125 0.3500000000000001 0.7578125
2 0.4265625 0.16718750000000004 0.3703125 0.16718750000000004 0.3703125 0.2390625000000001 0.4265625 0.2390625000000001
3 0.2890625000000001 0.6796875 0.20468750000000008 0.6796875 0.20468750000000008 0.7328125 0.2890625000000001 0.7328125
3 0.359375 0.16562500000000005 0.2515625 0.16562500000000005 0.2515625 0.225 0.359375 0.225
0 0.19687500000000008 0.725 0.1625000000000001 0.725 0.1625000000000001 0.76875 0.19687500000000008 0.76875
0 0.278125 0.11562500000000005 0.24375 0.11562500000000005 0.24375 0.15937500000000004 0.278125 0.15937500000000004
0 0.2234375000000001 0.640625 0.1984375000000001 0.640625 0.1984375000000001 0.675 0.2234375000000001 0.675
0 0.2734375 0.215625 0.2453125 0.215625 0.2453125 0.25625 0.2734375 0.25625
0 0.22656250000000008 0.6375 0.1625000000000001 0.6375 0.1625000000000001 0.7703125 0.22656250000000008 0.7703125
0 0.2796875 0.11406250000000004 0.240625 0.11406250000000004 0.240625 0.2578125 0.2796875 0.2578125
1 0.4046875000000001 0.6265625 0.057812500000000065 0.6265625 0.057812500000000086 0.8421875 0.4046875000000002 0.8421875