2 0.6484375000000002 0.746875 0.6078125000000002 0.746875 0.6078125000000002 0.834375 0.6484375000000002 0.834375
2 0.684375 0.26250000000000007 0.6375 0.26250000000000007 0.6375 0.3343750000000001 0.684375 0.3343750000000001
3 0.7984375 0.2765625000000001 0.7015625 0.2765625000000001 0.7015625 0.3296875000000001 0.7984375 0.3296875000000001
3 0.7671875000000001 0.7609375 0.6734375000000001 0.7609375 0.6734375000000001 0.8296875 0.7671875000000001 0.8296875
0 0.8015625 0.8328125 0.7640625000000002 0.8328125 0.7640625000000002 0.8890625 0.8015625 0.8890625
0 0.8 0.7234375000000002 0.76875 0.7234375000000002 0.76875 0.7718750000000002 0.8 0.7718750000000002
0 0.821875 0.23437500000000008 0.7921875 0.23437500000000008 0.7921875 0.27812500000000007 0.821875 0.27812500000000007
0 0.803125 0.33281250000000007 0.7765625 0.33281250000000007 0.7765625 0.37187500000000007 0.803125 0.37187500000000007
1 0.9140625 0.7000000000000001 0.5484375 0.7 0.5484375000000001 0.9125 0.9140625 0.9125
1 0.9390625 0.1812500000000001 0.590625 0.18125000000000008 0.590625 0.3890625000000001 0.9390625 0.3890625000000001
0 0.825 0.2296875000000001 0.775 0.2296875000000001 0.775 0.3703125000000001 0.825 0.3703125000000001
0 0.8046875 0.7265625000000002 0.7609375000000002 0.7265625000000002 0.7609375000000002 0.890625 0.8046875 0.890625