2 0.4046875 0.540625 0.3296875000000001 0.540625 0.3296875000000001 0.571875 0.4046875 0.571875
2 0.7671875 0.6234375000000001 0.7046875 0.6234375 0.7046875 0.6546875000000001 0.7671875 0.6546875000000002
3 0.7578125 0.6609375000000001 0.7078125 0.6609375 0.7078125 0.7203125000000001 0.7578125 0.7203125000000001
3 0.3921875000000001 0.5890625 0.3359375000000001 0.5890625 0.3359375000000001 0.634375 0.3921875000000001 0.634375
0 0.3343750000000001 0.6625 0.2921875000000001 0.6625 0.2921875000000001 0.690625 0.3343750000000001 0.690625
0 0.421875 0.665625 0.3859375000000001 0.665625 0.3859375000000001 0.69375 0.421875 0.69375
0 0.6968750000000001 0.70625 0.6703125 0.70625 0.6703125000000001 0.728125 0.6968750000000001 0.728125
0 0.7656250000000002 0.7375000000000002 0.7406250000000002 0.7375000000000002 0.7406250000000002 0.7656250000000002 0.7656250000000002 0.7656250000000002
0 0.4234375 0.659375 0.2890625000000001 0.659375 0.2890625000000001 0.696875 0.4234375 0.696875
0 0.7671875000000001 0.7000000000000001 0.6609375 0.7 0.6609375000000001 0.76875 0.7671875000000001 0.7687500000000002
0 0.7000000000000001 0.696875 0.6609375 0.696875 0.6609375000000001 0.734375 0.7000000000000002 0.734375
1 0.815625 0.5718750000000001 0.646875 0.571875 0.6468750000000001 0.821875 0.815625 0.821875
1 0.45000000000000007 0.4765625 0.2656250000000001 0.4765625 0.2656250000000001 0.7953125 0.4500000000000002 0.7953125