1 0.21250000000000005 0.2640625 0.06718750000000002 0.2640625 0.06718750000000004 0.434375 0.21250000000000008 0.434375
2 0.8953125 0.3468750000000001 0.8171875 0.3468750000000001 0.8171875 0.3812500000000001 0.8953125 0.3812500000000001
2 0.575 0.4828125 0.5203125 0.4828125 0.5203125 0.5140625 0.575 0.5140625
2 0.3468750000000001 0.453125 0.3000000000000001 0.453125 0.3000000000000001 0.4875 0.3468750000000001 0.4875
3 0.5703125 0.4203125 0.5234375 0.4203125 0.5234375 0.4703125 0.5703125 0.4703125
3 0.3500000000000001 0.3984375 0.3109375000000001 0.3984375 0.3109375000000001 0.45 0.3500000000000001 0.45
3 0.8875 0.2515625000000001 0.828125 0.2515625000000001 0.828125 0.33281250000000007 0.8875 0.33281250000000007
3 0.16562500000000005 0.3515625 0.12656250000000005 0.3515625 0.12656250000000005 0.40625 0.16562500000000005 0.40625
0 0.9375 0.22812500000000008 0.8921875 0.22812500000000008 0.8921875 0.2578125000000001 0.9375 0.2578125000000001
0 0.8375 0.2375000000000001 0.7984375 0.2375000000000001 0.7984375 0.2656250000000001 0.8375 0.2656250000000001
0 0.5390625 0.3765625000000001 0.515625 0.3765625000000001 0.515625 0.4 0.5390625 0.4
0 0.3234375000000001 0.3640625 0.2953125000000001 0.3640625 0.2953125000000001 0.3890625 0.3234375000000001 0.3890625
0 0.3859375000000001 0.3921875 0.3578125000000001 0.3921875 0.3578125000000001 0.415625 0.3859375000000001 0.415625
0 0.6125 0.4 0.5796875 0.4 0.5796875 0.421875 0.6125 0.421875
0 0.13750000000000004 0.321875 0.10937500000000004 0.321875 0.10937500000000004 0.34375 0.13750000000000004 0.34375
0 0.20000000000000004 0.3578125 0.17656250000000004 0.3578125 0.17656250000000004 0.38125 0.2000000000000001 0.38125
0 0.38906250000000003 0.36250000000000004 0.29375 0.3625 0.29375000000000007 0.41875 0.3890625000000001 0.41875
0 0.9390625 0.22656250000000008 0.7953125 0.22656250000000008 0.7953125 0.2656250000000001 0.9390625 0.2656250000000001
0 0.615625 0.3734375000000001 0.5140625 0.3734375000000001 0.5140625 0.4234375 0.615625 0.4234375
1 0.628125 0.3078125000000001 0.471875 0.3078125000000001 0.471875 0.5640625 0.628125 0.5640625
1 0.40625 0.2984375 0.2703125 0.2984375 0.27031250000000007 0.5234375 0.40625 0.5234375
1 0.9671875 0.1421875000000001 0.771875 0.14218750000000008 0.771875 0.4437500000000002 0.9671875 0.4437500000000002