2 0.3078125000000001 0.36875 0.2328125000000001 0.36875 0.2328125000000001 0.4125 0.3078125000000001 0.4125
2 0.628125 0.2875000000000001 0.5890625 0.2875000000000001 0.5890625 0.3187500000000001 0.628125 0.3187500000000001
3 0.2984375 0.265625 0.2375 0.265625 0.2375 0.353125 0.2984375 0.353125
3 0.6265625 0.2375000000000001 0.5921875 0.2375000000000001 0.5921875 0.2812500000000001 0.6265625 0.2812500000000001
0 0.2359375 0.2328125 0.18281250000000004 0.2328125 0.18281250000000004 0.2671875 0.2359375 0.2671875
0 0.5953125 0.22656250000000008 0.5671875 0.22656250000000008 0.5671875 0.24375000000000008 0.5953125 0.24375000000000008
0 0.33125 0.25625 0.2875 0.25625 0.2875 0.275 0.33125 0.275
0 0.646875 0.22656250000000008 0.621875 0.22656250000000008 0.621875 0.24218750000000008 0.646875 0.24218750000000008
0 0.3328125 0.2328125 0.17968750000000006 0.2328125 0.17968750000000006 0.2765625 0.3328125 0.2765625
0 0.646875 0.2234375000000001 0.565625 0.2234375000000001 0.565625 0.2453125000000001 0.646875 0.2453125000000001
1 0.34375000000000006 0.11875000000000002 0.16875 0.11875 0.16875 0.4703125 0.3437500000000001 0.4703125
1 0.659375 0.1593750000000001 0.5453125 0.1593750000000001 0.5453125 0.35625000000000007 0.659375 0.35625000000000007