2 0.4390625 0.34843750000000007 0.403125 0.34843750000000007 0.403125 0.3812500000000001 0.4390625 0.3812500000000001
2 0.2640625000000001 0.475 0.18750000000000006 0.475 0.18750000000000006 0.503125 0.2640625000000001 0.503125
2 0.659375 0.4234375 0.6234375 0.4234375 0.6234375 0.4421875 0.659375 0.4421875
3 0.2593750000000001 0.375 0.20312500000000008 0.375 0.20312500000000008 0.4578125 0.2593750000000001 0.4578125
3 0.6484375 0.3906250000000001 0.6234375 0.3906250000000001 0.6234375 0.4125 0.6484375 0.4125
3 0.4375 0.29375000000000007 0.4125 0.29375000000000007 0.4125 0.3390625000000001 0.4375 0.3390625000000001
0 0.20781250000000004 0.3515625 0.16250000000000003 0.3515625 0.16250000000000003 0.3796875 0.2078125000000001 0.3796875
0 0.2984375 0.3578125 0.25625 0.3578125 0.25625000000000003 0.3859375 0.2984375000000001 0.3859375
0 0.671875 0.3609375000000001 0.6515625 0.3609375000000001 0.6515625 0.3750000000000001 0.671875 0.3750000000000001
0 0.4140625 0.2765625000000001 0.3875 0.2765625000000001 0.3875 0.2921875000000001 0.4140625 0.2921875000000001
0 0.621875 0.3671875000000001 0.5984375 0.3671875000000001 0.5984375 0.3828125000000001 0.621875 0.3828125000000001
0 0.4609375 0.2906250000000001 0.4390625 0.2906250000000001 0.4390625 0.3062500000000001 0.4609375 0.3062500000000001
0 0.30156250000000007 0.346875 0.15937500000000004 0.346875 0.15937500000000004 0.390625 0.30156250000000007 0.390625
0 0.6734375 0.3593750000000001 0.5984375 0.3593750000000001 0.5984375 0.3828125000000001 0.6734375 0.3828125000000001
0 0.4609375 0.2750000000000001 0.3859375 0.2750000000000001 0.3859375 0.3078125000000001 0.4609375 0.3078125000000001
1 0.31093750000000003 0.2390625 0.11718750000000004 0.2390625 0.11718750000000007 0.559375 0.3109375000000001 0.559375
1 0.46875 0.26093750000000004 0.3515625 0.2609375 0.35156250000000006 0.4109375 0.46875 0.4109375
1 0.6921875 0.3468750000000001 0.5890625 0.3468750000000001 0.5890625 0.4703125 0.6921875 0.4703125