2 0.4390625 0.3812500000000001 0.4125 0.3812500000000001 0.4125 0.4546875 0.4390625 0.4546875
2 0.10937500000000008 0.6578125 0.09687500000000009 0.6578125 0.09687500000000009 0.7015625 0.10937500000000008 0.7015625
3 0.40625 0.37812500000000004 0.3500000000000001 0.378125 0.3500000000000001 0.4390625 0.40625 0.4390625
3 0.0906250000000001 0.659375 0.06250000000000008 0.659375 0.06250000000000008 0.7 0.0906250000000001 0.7
0 0.3515625000000001 0.421875 0.33281250000000007 0.421875 0.33281250000000007 0.4625 0.3515625000000001 0.4625
0 0.36875 0.32343750000000004 0.35 0.3234375 0.35000000000000003 0.36875 0.3687500000000001 0.3687500000000001
0 0.07031250000000008 0.640625 0.05625000000000009 0.640625 0.05625000000000009 0.6625 0.07031250000000008 0.6625
0 0.37031250000000004 0.32031250000000006 0.33125 0.3203125 0.33125000000000004 0.4640625 0.3703125000000001 0.4640625
0 0.07031250000000008 0.6875 0.057812500000000086 0.6875 0.057812500000000086 0.7109375 0.07031250000000008 0.7109375
0 0.07031250000000008 0.6390625 0.05468750000000009 0.6390625 0.05468750000000009 0.7140625 0.07031250000000008 0.7140625
1 0.4703125 0.30000000000000004 0.2671875 0.3 0.2671875 0.4875 0.4703125 0.4875
1 0.1390625000000001 0.6171875 0.02968750000000008 0.6171875 0.029687500000000082 0.7265625 0.1390625000000001 0.7265625