2 0.2984375000000001 0.3921875 0.2093750000000001 0.3921875 0.2093750000000001 0.4578125 0.2984375000000001 0.4578125
2 0.575 0.4578125 0.5265625 0.4578125 0.5265625 0.48125 0.575 0.48125
3 0.29531250000000003 0.315625 0.2296875 0.315625 0.22968750000000004 0.371875 0.2953125000000001 0.371875
3 0.29687500000000006 0.2625 0.2296875 0.2625 0.22968750000000004 0.3734375 0.2968750000000001 0.3734375
3 0.56875 0.4 0.5328125 0.4 0.5328125 0.4484375 0.56875 0.4484375
0 0.3546875 0.26875 0.303125 0.26875 0.303125 0.30625 0.3546875 0.30625
0 0.2375 0.2328125 0.17968750000000006 0.2328125 0.17968750000000006 0.26875 0.2375 0.26875
0 0.5359375 0.38750000000000007 0.509375 0.38750000000000007 0.509375 0.4046875 0.5359375 0.4046875
0 0.3578125 0.23125 0.17812500000000003 0.23125 0.17812500000000003 0.3078125 0.3578125 0.3078125
0 0.5953125 0.3859375000000001 0.56875 0.3859375000000001 0.56875 0.4046875 0.5953125 0.4046875
0 0.596875 0.3828125000000001 0.5078125 0.3828125000000001 0.5078125 0.40625 0.596875 0.40625
1 0.37968750000000007 0.10468750000000002 0.128125 0.1046875 0.12812500000000002 0.521875 0.37968750000000007 0.521875
1 0.6046875 0.3515625000000001 0.4953125 0.3515625000000001 0.4953125 0.51875 0.6046875 0.51875