2 0.55 0.27812500000000007 0.509375 0.27812500000000007 0.509375 0.3343750000000001 0.55 0.3343750000000001
2 0.70625 0.6625 0.68125 0.6625 0.68125 0.715625 0.70625 0.715625
3 0.65 0.2828125000000001 0.565625 0.2828125000000001 0.565625 0.3390625000000001 0.65 0.3390625000000001
3 0.771875 0.6718750000000001 0.7171875 0.671875 0.7171875 0.7125000000000001 0.771875 0.7125000000000001
0 0.675 0.2406250000000001 0.64375 0.2406250000000001 0.64375 0.2875000000000001 0.675 0.2875000000000001
0 0.665625 0.3359375000000001 0.6375 0.3359375000000001 0.6375 0.3750000000000001 0.665625 0.3750000000000001
0 0.7890625 0.7031250000000002 0.771875 0.7031250000000002 0.771875 0.7234375000000002 0.7890625 0.7234375000000002
0 0.778125 0.6421875000000001 0.7625 0.6421875000000001 0.7625 0.6703125000000002 0.778125 0.6703125000000002
0 0.6765625 0.2390625000000001 0.6359375 0.2390625000000001 0.6359375 0.3765625000000001 0.6765625 0.3765625000000001
0 0.7921875 0.6406250000000002 0.7609375 0.6406250000000002 0.7609375 0.7234375000000002 0.7921875 0.7234375000000002
1 0.7546875 0.2093750000000001 0.4640625 0.2093750000000001 0.4640625 0.38750000000000007 0.7546875 0.38750000000000007
1 0.859375 0.6125 0.6375 0.6125 0.6375000000000001 0.7437500000000001 0.859375 0.7437500000000001