2 0.5468750000000002 0.7296875 0.5062500000000002 0.7296875 0.5062500000000002 0.815625 0.5468750000000002 0.815625
2 0.3421875 0.12812500000000004 0.3015625 0.12812500000000004 0.3015625 0.18125000000000005 0.3421875 0.18125000000000005
2 0.5375 0.55625 0.509375 0.55625 0.509375 0.584375 0.5375 0.584375
2 0.540625 0.3828125000000001 0.521875 0.3828125000000001 0.521875 0.4140625 0.540625 0.4140625
3 0.44375 0.12656250000000005 0.35625 0.12656250000000005 0.35625 0.18281250000000004 0.44375 0.18281250000000004
3 0.6375000000000002 0.7390625 0.5515625000000002 0.7390625 0.5515625000000002 0.7984375 0.6375000000000002 0.7984375
3 0.5828125 0.5578125 0.5421875 0.5578125 0.5421875 0.5859375 0.5828125 0.5859375
3 0.5796875 0.3921875000000001 0.5421875 0.3921875000000001 0.5421875 0.4140625 0.5796875 0.4140625
0 0.6593750000000002 0.790625 0.6375000000000002 0.790625 0.6375000000000002 0.8328125 0.6593750000000002 0.8328125
0 0.6500000000000001 0.7078125 0.63125 0.7078125 0.6312500000000001 0.7453125 0.6500000000000001 0.7453125
0 0.45625 0.17812500000000003 0.434375 0.17812500000000003 0.434375 0.21875000000000008 0.45625 0.21875000000000008
0 0.4421875 0.09531250000000005 0.4203125 0.09531250000000005 0.4203125 0.12968750000000004 0.4421875 0.12968750000000004
0 0.590625 0.5875 0.575 0.5875 0.575 0.60625 0.590625 0.60625
0 0.596875 0.54375 0.5796875 0.54375 0.5796875 0.5625 0.596875 0.5625
0 0.5765625 0.4171875 0.5640625 0.4171875 0.5640625 0.43125 0.5765625 0.43125
0 0.5984375 0.54375 0.5734375 0.54375 0.5734375 0.609375 0.5984375 0.609375
0 0.6625000000000001 0.70625 0.628125 0.70625 0.628125 0.8359375 0.6625000000000002 0.8359375
0 0.4578125 0.09375000000000006 0.4203125 0.09375000000000004 0.4203125 0.2218750000000001 0.4578125 0.2218750000000001
0 0.5890625 0.3828125000000001 0.5765625 0.3828125000000001 0.5765625 0.3968750000000001 0.5890625 0.3968750000000001
1 0.7812500000000001 0.690625 0.4578125 0.690625 0.45781250000000007 0.88125 0.7812500000000002 0.88125
1 0.640625 0.5359375 0.4953125 0.5359375 0.4953125 0.6171875 0.640625 0.6171875
1 0.5578125 0.08125000000000004 0.2484375 0.08125000000000002 0.2484375 0.275 0.5578125 0.2750000000000001
1 0.6109375 0.3687500000000001 0.5 0.3687500000000001 0.5 0.4375 0.6109375 0.4375