2 0.17187500000000008 0.7625 0.1312500000000001 0.7625 0.1312500000000001 0.775 0.17187500000000008 0.775
2 0.6453125 0.3125000000000001 0.6046875 0.3125000000000001 0.6046875 0.32500000000000007 0.6453125 0.32500000000000007
2 0.16875000000000004 0.3078125 0.12812500000000004 0.3078125 0.12812500000000004 0.3203125 0.16875000000000004 0.3203125
2 0.8296875 0.3203125000000001 0.7921875 0.3203125000000001 0.7921875 0.33281250000000007 0.8296875 0.33281250000000007
2 0.3484375 0.3109375 0.3078125 0.3109375 0.3078125 0.3234375 0.3484375 0.3234375
2 0.8203125 0.7718750000000002 0.7796875000000002 0.7718750000000002 0.7796875000000002 0.7843750000000002 0.8203125 0.7843750000000002
2 0.6640625000000002 0.771875 0.6281250000000002 0.771875 0.6281250000000002 0.784375 0.6640625000000002 0.784375
2 0.3656250000000001 0.740625 0.3343750000000001 0.740625 0.3343750000000001 0.759375 0.3656250000000001 0.759375
3 0.8265625 0.2875000000000001 0.7953125 0.2875000000000001 0.7953125 0.3156250000000001 0.8265625 0.3156250000000001
3 0.809375 0.7390625000000002 0.7781250000000002 0.7390625000000002 0.7781250000000002 0.7671875000000001 0.809375 0.7671875000000001
3 0.34375 0.2765625 0.3140625 0.2765625 0.3140625 0.30625 0.34375 0.30625
3 0.6453125 0.2843750000000001 0.615625 0.2843750000000001 0.615625 0.30937500000000007 0.6453125 0.30937500000000007
3 0.3625000000000001 0.7125 0.3375000000000001 0.7125 0.3375000000000001 0.7375 0.3625000000000001 0.7375
3 0.16718750000000004 0.2828125 0.13906250000000003 0.2828125 0.13906250000000003 0.3078125 0.16718750000000004 0.3078125
3 0.6609375000000002 0.74375 0.6328125000000002 0.74375 0.6328125000000002 0.76875 0.6609375000000002 0.76875
3 0.16562500000000008 0.7375 0.1375000000000001 0.7375 0.1375000000000001 0.759375 0.16562500000000008 0.759375
0 0.6734375 0.2843750000000001 0.6484375 0.2843750000000001 0.6484375 0.29375000000000007 0.6734375 0.29375000000000007
0 0.1390625000000001 0.7296875 0.11718750000000008 0.7296875 0.11718750000000008 0.7390625 0.1390625000000001 0.7390625
0 0.18750000000000008 0.7328125 0.16562500000000008 0.7328125 0.16562500000000008 0.7421875 0.18750000000000008 0.7421875
0 0.8296875 0.7296875000000002 0.8046875 0.7296875000000002 0.8046875 0.7406250000000002 0.8296875 0.7406250000000002
0 0.6796875000000002 0.7390625 0.6593750000000002 0.7390625 0.6593750000000002 0.7484375 0.6796875000000002 0.7484375
0 0.19375000000000003 0.2828125 0.17187500000000006 0.2828125 0.17187500000000006 0.2921875 0.19375000000000003 0.2921875
0 0.8484375 0.2828125000000001 0.8265625 0.2828125000000001 0.8265625 0.2921875000000001 0.8484375 0.2921875000000001
0 0.7953125 0.2828125000000001 0.771875 0.2828125000000001 0.771875 0.2921875000000001 0.7953125 0.2921875000000001
0 0.3703125 0.275 0.346875 0.275 0.346875 0.28437500000000004 0.3703125 0.2843750000000001
0 0.315625 0.275 0.29375 0.275 0.29375 0.284375 0.315625 0.284375
0 0.6234375 0.2765625000000001 0.6015625 0.2765625000000001 0.6015625 0.28593750000000007 0.6234375 0.28593750000000007
0 0.6328125000000002 0.740625 0.6125000000000002 0.740625 0.6125000000000002 0.75 0.6328125000000002 0.75
0 0.14375000000000004 0.275 0.12500000000000006 0.275 0.12500000000000006 0.284375 0.14375000000000004 0.284375
0 0.7734375000000002 0.7375000000000002 0.7484375000000002 0.7375000000000002 0.7484375000000002 0.7468750000000002 0.7734375000000002 0.7468750000000002
0 0.3921875000000001 0.7109375 0.3671875000000001 0.7109375 0.3671875000000001 0.71875 0.3921875000000001 0.71875
0 0.3375000000000001 0.7109375 0.3156250000000001 0.7109375 0.3156250000000001 0.7171875 0.3375000000000001 0.7171875
0 0.853125 0.2796875000000001 0.76875 0.2796875000000001 0.76875 0.29375000000000007 0.853125 0.29375000000000007
0 0.83125 0.7296875000000002 0.7468750000000002 0.7296875000000002 0.7468750000000002 0.7484375000000002 0.83125 0.7484375000000002
0 0.6812500000000001 0.7390625 0.6109375000000001 0.7390625 0.6109375000000001 0.7515625 0.6812500000000001 0.7515625
0 0.3734375 0.27343750000000006 0.290625 0.2734375 0.290625 0.28593750000000007 0.3734375 0.28593750000000007
0 0.1906250000000001 0.7296875 0.11562500000000009 0.7296875 0.11562500000000009 0.7421875 0.1906250000000001 0.7421875
0 0.3921875000000001 0.709375 0.3140625000000001 0.709375 0.3140625000000001 0.71875 0.3921875000000001 0.71875
1 0.878125 0.2375000000000001 0.7625 0.2375000000000001 0.7625 0.3421875000000001 0.878125 0.3421875000000001
1 0.6828125 0.2515625000000001 0.5875 0.2515625000000001 0.5875 0.3390625000000001 0.6828125 0.3390625000000001
1 0.3953125 0.22968750000000004 0.2796875 0.2296875 0.2796875 0.3375 0.3953125 0.3375000000000001
1 0.203125 0.2484375 0.10625000000000004 0.2484375 0.10625000000000004 0.3359375 0.203125 0.3359375
1 0.4140625000000001 0.66875 0.2968750000000001 0.66875 0.2968750000000001 0.7734375 0.41406250000000017 0.7734375
1 0.85625 0.6906250000000002 0.7390625 0.6906250000000002 0.7390625000000001 0.7953125000000002 0.85625 0.7953125000000002
1 0.2000000000000001 0.7015625 0.10312500000000009 0.7015625 0.10312500000000009 0.7890625 0.2000000000000001 0.7890625
1 0.6890625000000001 0.7078125 0.6046875 0.7078125 0.6046875 0.7984375 0.6890625000000001 0.7984375
0 0.671875 0.2734375000000001 0.5984375 0.2734375000000001 0.5984375 0.2953125000000001 0.671875 0.2953125000000001
0 0.19218750000000004 0.275 0.11718750000000004 0.275 0.11718750000000004 0.29375 0.19218750000000004 0.29375