2 0.4890625 0.2093750000000001 0.4515625 0.2093750000000001 0.4515625 0.2906250000000001 0.4890625 0.2906250000000001
2 0.446875 0.45 0.41875 0.45 0.41875 0.4859375 0.446875 0.4859375
3 0.41875 0.4609375 0.3656250000000001 0.4609375 0.3656250000000001 0.4921875 0.41875 0.4921875
3 0.4421875 0.23125000000000004 0.3546875 0.23125 0.3546875 0.28906250000000006 0.4421875 0.2890625000000001
0 0.3484375 0.19843750000000004 0.3140625 0.19843750000000004 0.3140625 0.246875 0.3484375 0.246875
0 0.384375 0.29531250000000003 0.3546875 0.2953125 0.3546875 0.33906250000000004 0.384375 0.3390625000000001
0 0.3671875000000001 0.44375 0.34843750000000007 0.44375 0.34843750000000007 0.46875 0.3671875000000001 0.46875
0 0.3859375 0.19687500000000005 0.3109375 0.19687500000000005 0.3109375 0.34062500000000007 0.3859375 0.34062500000000007
0 0.3890625000000001 0.490625 0.3734375000000001 0.490625 0.3734375000000001 0.509375 0.3890625000000001 0.509375
0 0.3906250000000001 0.440625 0.3468750000000001 0.440625 0.3468750000000001 0.509375 0.3906250000000001 0.509375
1 0.553125 0.14843750000000006 0.184375 0.14843750000000006 0.184375 0.35781250000000003 0.553125 0.3578125000000001
1 0.4796875 0.403125 0.2968750000000001 0.403125 0.2968750000000001 0.51875 0.4796875 0.51875