2 0.32812500000000006 0.321875 0.265625 0.321875 0.26562500000000006 0.3703125 0.3281250000000001 0.3703125
2 0.85 0.3859375000000001 0.765625 0.3859375000000001 0.765625 0.4203125000000002 0.85 0.4203125000000002
3 0.3234375 0.21875 0.275 0.21875 0.275 0.3015625 0.3234375 0.3015625
3 0.8421875 0.2796875000000001 0.7765625 0.2796875000000001 0.7765625 0.36406250000000007 0.8421875 0.36406250000000007
0 0.2734375 0.17968750000000006 0.228125 0.17968750000000006 0.228125 0.209375 0.2734375 0.209375
0 0.3609375 0.19687500000000005 0.325 0.19687500000000005 0.325 0.2234375 0.3609375 0.2234375
0 0.884375 0.2453125000000001 0.840625 0.2453125000000001 0.840625 0.2765625000000001 0.884375 0.2765625000000001
0 0.784375 0.25468750000000007 0.74375 0.25468750000000007 0.74375 0.2828125000000001 0.784375 0.2828125000000001
0 0.8859375 0.24375000000000008 0.740625 0.24375000000000008 0.740625 0.2828125000000001 0.8859375 0.2828125000000001
0 0.3625 0.17812500000000003 0.2265625 0.17812500000000003 0.2265625 0.225 0.3625 0.225
1 0.9265625 0.1031250000000001 0.7203125 0.10312500000000009 0.7203125 0.4843750000000001 0.9265625 0.48437500000000017
1 0.37812500000000004 0.08281250000000004 0.159375 0.08281250000000002 0.15937500000000002 0.4140625 0.3781250000000001 0.4140625