1 0.6703125 0.13437500000000008 0.4125 0.13437500000000005 0.4125 0.30937500000000007 0.6703125 0.30937500000000007
2 0.5046875000000001 0.6515625 0.4671875 0.6515625 0.4671875000000001 0.7390625 0.5046875000000002 0.7390625
2 0.625 0.15781250000000008 0.584375 0.15781250000000008 0.584375 0.2015625000000001 0.625 0.2015625000000001
2 0.675 0.37968750000000007 0.65625 0.37968750000000007 0.65625 0.4140625 0.675 0.4140625
3 0.4625 0.6640625 0.3781250000000001 0.6640625 0.3781250000000001 0.721875 0.4625 0.721875
3 0.5734375 0.16718750000000007 0.4953125 0.16718750000000004 0.4953125 0.21875000000000008 0.5734375 0.21875000000000008
3 0.434375 0.4671875 0.409375 0.4671875 0.409375 0.4828125 0.434375 0.4828125
3 0.653125 0.38750000000000007 0.609375 0.38750000000000007 0.609375 0.415625 0.653125 0.415625
0 0.3812500000000001 0.6359375 0.3593750000000001 0.6359375 0.3593750000000001 0.6734375 0.3812500000000001 0.6734375
0 0.3781250000000001 0.7171875 0.3531250000000001 0.7171875 0.3531250000000001 0.759375 0.3781250000000001 0.759375
0 0.4953125 0.15625000000000006 0.46875 0.15625000000000006 0.46875 0.18437500000000004 0.4953125 0.18437500000000004
0 0.5171875 0.22656250000000008 0.49375 0.22656250000000008 0.49375 0.2640625000000001 0.5171875 0.2640625000000001
0 0.6140625 0.3781250000000001 0.6 0.3781250000000001 0.6 0.3937500000000001 0.6140625 0.3937500000000001
0 0.6234375 0.4140625 0.6078125 0.4140625 0.6078125 0.4296875 0.6234375 0.4296875
0 0.3843750000000001 0.634375 0.3500000000000001 0.634375 0.3500000000000001 0.7625 0.3843750000000001 0.7625
0 0.5171875 0.15468750000000003 0.4671875 0.15468750000000003 0.4671875 0.2671875000000001 0.5171875 0.2671875000000001
0 0.4125 0.45625 0.4 0.45625 0.4 0.4703125 0.4125 0.4703125
0 0.415625 0.4828125 0.4046875 0.4828125 0.4046875 0.4953125 0.415625 0.4953125
1 0.55 0.6171875 0.2296875000000001 0.6171875 0.2296875000000001 0.8046875 0.5500000000000002 0.8046875
1 0.465625 0.440625 0.3656250000000001 0.440625 0.3656250000000001 0.4984375 0.465625 0.4984375
1 0.7 0.3515625000000001 0.56875 0.3515625000000001 0.56875 0.4359375 0.7 0.4359375