2 0.490625 0.6671875 0.45 0.6671875 0.45 0.7234375 0.490625 0.7234375
2 0.3203125 0.284375 0.2953125 0.284375 0.2953125 0.3375 0.3203125 0.3375
3 0.434375 0.6609375 0.3500000000000001 0.6609375 0.3500000000000001 0.7171875 0.434375 0.7171875
3 0.284375 0.2875 0.2296875 0.2875 0.2296875 0.328125 0.284375 0.328125
0 0.3578125000000001 0.7125 0.3265625000000001 0.7125 0.3265625000000001 0.759375 0.3578125000000001 0.759375
0 0.36406250000000007 0.6265625 0.3359375000000001 0.6265625 0.3359375000000001 0.665625 0.36406250000000007 0.665625
0 0.228125 0.278125 0.2109375 0.278125 0.2109375 0.2984375 0.228125 0.2984375
0 0.2375 0.3296875 0.221875 0.3296875 0.221875 0.3578125 0.2375 0.3578125
0 0.36406250000000007 0.6234375 0.3234375000000001 0.6234375 0.3234375000000001 0.7609375 0.36406250000000007 0.7609375
0 0.2390625 0.2765625 0.2078125 0.2765625 0.2078125 0.359375 0.2390625 0.359375
1 0.5359375000000001 0.6125 0.2453125000000001 0.6125 0.2453125000000001 0.790625 0.5359375000000002 0.790625
1 0.36406250000000007 0.25625000000000003 0.14218750000000005 0.25625 0.14218750000000005 0.38750000000000007 0.36406250000000007 0.38750000000000007