2 0.54375 0.5796875 0.4671875 0.5796875 0.4671875 0.6015625 0.54375 0.6015625
3 0.5296875 0.528125 0.4734375 0.528125 0.4734375 0.5734375 0.5296875 0.5734375
3 0.9484375 0.3546875000000001 0.921875 0.3546875000000001 0.921875 0.3734375000000001 0.9484375 0.3734375000000001
0 0.4703125 0.521875 0.4265625 0.521875 0.4265625 0.5359375 0.4703125 0.5359375
0 0.55625 0.5140625 0.5171875 0.5140625 0.5171875 0.528125 0.55625 0.528125
0 0.559375 0.5140625 0.4234375 0.5140625 0.4234375 0.5375 0.559375 0.5375
1 0.5828125 0.471875 0.3937500000000001 0.471875 0.3937500000000001 0.6296875 0.5828125 0.6296875
1 0.9734375 0.3265625000000001 0.8828125 0.3265625000000001 0.8828125 0.4031250000000002 0.9734375 0.4031250000000002
0 0.93125 0.3453125000000001 0.9046875 0.3453125000000001 0.9046875 0.3531250000000001 0.93125 0.3531250000000001
0 0.9671875 0.3515625000000001 0.9484375 0.3515625000000001 0.9484375 0.3609375000000001 0.9671875 0.3609375000000001
0 0.965625 0.3453125000000001 0.9046875 0.3453125000000001 0.9046875 0.3609375000000001 0.965625 0.3609375000000001
2 0.946875 0.3750000000000001 0.9109375 0.3750000000000001 0.9109375 0.3890625000000001 0.946875 0.3890625000000001