2 0.821875 0.4031250000000002 0.75 0.4031250000000002 0.75 0.43750000000000017 0.821875 0.43750000000000017
2 0.403125 0.421875 0.30156250000000007 0.421875 0.30156250000000007 0.471875 0.403125 0.471875
3 0.403125 0.3140625 0.334375 0.3140625 0.33437500000000003 0.4109375 0.403125 0.4109375
3 0.8046875 0.3046875000000001 0.753125 0.3046875000000001 0.753125 0.38750000000000007 0.8046875 0.38750000000000007
0 0.4640625 0.3031250000000001 0.4109375 0.3031250000000001 0.4109375 0.3343750000000001 0.4640625 0.3343750000000001
0 0.8484375 0.27812500000000007 0.8015625 0.27812500000000007 0.8015625 0.3031250000000001 0.8484375 0.3031250000000001
0 0.35625 0.278125 0.29375 0.278125 0.29375 0.309375 0.35625 0.309375
0 0.753125 0.2968750000000001 0.709375 0.2968750000000001 0.709375 0.3218750000000001 0.753125 0.3218750000000001
0 0.465625 0.27656250000000004 0.2921875 0.2765625 0.2921875 0.33593750000000006 0.465625 0.3359375000000001
1 0.4859375 0.13437500000000005 0.2390625 0.13437500000000005 0.23906250000000004 0.540625 0.4859375 0.540625
1 0.890625 0.1750000000000001 0.690625 0.1750000000000001 0.690625 0.4906250000000001 0.890625 0.4906250000000002
1 0.046875000000000035 0.14375 1.7604297737743203e-17 0.14375 2.8894010417382865e-17 0.328125 0.04687500000000004 0.328125
0 0.853125 0.2765625000000001 0.703125 0.2765625000000001 0.703125 0.3203125000000001 0.853125 0.3203125000000001