2 0.5875000000000001 0.74375 0.5218750000000002 0.74375 0.5218750000000002 0.884375 0.5875000000000001 0.884375
2 0.4390625 0.19687500000000005 0.3765625 0.19687500000000005 0.3765625 0.2875000000000001 0.4390625 0.2875000000000001
3 0.5140625000000002 0.7359375 0.3671875000000001 0.7359375 0.3671875000000001 0.834375 0.5140625000000002 0.834375
3 0.3765625 0.22031250000000005 0.2609375 0.2203125 0.2609375 0.29531250000000003 0.3765625 0.2953125000000001
0 0.421875 0.6578125 0.3687500000000001 0.6578125 0.3687500000000001 0.7203125 0.421875 0.7203125
0 0.34062500000000007 0.8015625 0.2687500000000001 0.8015625 0.2687500000000001 0.8828125 0.34062500000000007 0.8828125
0 0.259375 0.19218750000000004 0.221875 0.19218750000000004 0.221875 0.2453125 0.259375 0.2453125
0 0.3140625 0.309375 0.2765625 0.309375 0.2765625 0.35625 0.3140625 0.35625
0 0.3140625 0.18906250000000005 0.2203125 0.18906250000000005 0.2203125 0.3578125 0.3140625 0.3578125
0 0.4250000000000001 0.65625 0.2687500000000001 0.65625 0.2687500000000001 0.884375 0.42500000000000016 0.884375
1 0.7078125000000001 0.6203125 0.10156250000000008 0.6203125 0.10156250000000011 1 0.7078125000000002 1
1 0.525 0.13281250000000003 0.1328125 0.1328125 0.13281250000000003 0.38593750000000004 0.525 0.3859375000000001