2 0.30937500000000007 0.5375 0.22812500000000008 0.5375 0.22812500000000008 0.56875 0.30937500000000007 0.56875
2 0.675 0.609375 0.653125 0.609375 0.653125 0.6296875 0.675 0.6296875
3 0.3031250000000001 0.584375 0.24375000000000008 0.584375 0.24375000000000008 0.66875 0.3031250000000001 0.66875
3 0.678125 0.63125 0.659375 0.63125 0.659375 0.665625 0.678125 0.665625
0 0.2484375000000001 0.6671875 0.2000000000000001 0.6671875 0.2000000000000001 0.6984375 0.2484375000000001 0.6984375
0 0.3375000000000001 0.6484375 0.29375000000000007 0.6484375 0.29375000000000007 0.66875 0.3375000000000001 0.66875
0 0.3375000000000001 0.6484375 0.19687500000000008 0.6484375 0.19687500000000008 0.7015625 0.3375000000000001 0.7015625
0 0.6953125 0.646875 0.6796875 0.646875 0.6796875 0.659375 0.6953125 0.659375
0 0.6640625 0.6578125 0.646875 0.6578125 0.646875 0.6703125 0.6640625 0.6703125
1 0.703125 0.5859375 0.6265625 0.5859375 0.6265625 0.7046875 0.703125 0.7046875
1 0.3468750000000001 0.478125 0.17812500000000003 0.478125 0.17812500000000006 0.83125 0.3468750000000001 0.83125
0 0.69375 0.646875 0.6453125 0.646875 0.6453125 0.671875 0.69375 0.671875