2 0.41875 0.14531250000000004 0.3703125 0.14531250000000004 0.3703125 0.20468750000000008 0.41875 0.20468750000000008
2 0.3234375000000001 0.4203125 0.2906250000000001 0.4203125 0.2906250000000001 0.459375 0.3234375000000001 0.459375
2 0.4421875 0.64375 0.4109375 0.64375 0.4109375 0.6875 0.4421875 0.6875
3 0.359375 0.15156250000000004 0.284375 0.15156250000000004 0.284375 0.209375 0.359375 0.209375
3 0.2843750000000001 0.415625 0.2218750000000001 0.415625 0.2218750000000001 0.4515625 0.2843750000000001 0.4515625
3 0.4015625 0.64375 0.3421875000000001 0.64375 0.3421875000000001 0.6796875 0.4015625 0.6796875
0 0.2828125 0.10156250000000004 0.2515625 0.10156250000000004 0.2515625 0.15156250000000004 0.2828125 0.15156250000000004
0 0.2921875 0.203125 0.2640625 0.203125 0.2640625 0.2453125 0.2921875 0.2453125
0 0.34843750000000007 0.61875 0.3281250000000001 0.61875 0.3281250000000001 0.64375 0.34843750000000007 0.64375
0 0.2234375000000001 0.4421875 0.20468750000000008 0.4421875 0.20468750000000008 0.4703125 0.2234375000000001 0.4703125
0 0.3421875000000001 0.6765625 0.3203125000000001 0.6765625 0.3203125000000001 0.7046875 0.3421875000000001 0.7046875
0 0.2375000000000001 0.38125 0.21875000000000008 0.38125 0.21875000000000008 0.4109375 0.2375000000000001 0.4109375
0 0.29375 0.10000000000000005 0.2484375 0.10000000000000005 0.2484375 0.246875 0.29375 0.246875
1 0.3703125000000001 0.36406250000000007 0.13906250000000003 0.3640625 0.13906250000000003 0.4953125 0.3703125000000001 0.4953125
1 0.4609375000000001 0.603125 0.24218750000000008 0.603125 0.24218750000000008 0.740625 0.46093750000000017 0.740625
1 0.4703125 0.08125000000000004 0.146875 0.08125000000000002 0.14687500000000003 0.26406250000000003 0.4703125 0.2640625000000001
0 0.3500000000000001 0.61875 0.3218750000000001 0.61875 0.3218750000000001 0.7046875 0.3500000000000001 0.7046875
0 0.2375000000000001 0.38125 0.20468750000000008 0.38125 0.20468750000000008 0.471875 0.2375000000000001 0.471875