1 0.1828125 1.1289712679639661e-17 0.0015625 1.9135106236677395e-19 0.001562500000000008 0.13281250000000003 0.1828125 0.13281250000000006
1 0.2234375000000001 0.63125 0.039062500000000076 0.63125 0.0390625000000001 0.9203125 0.2234375000000001 0.9203125
2 0.3593750000000001 0.4453125 0.3125000000000001 0.4453125 0.3125000000000001 0.5765625 0.3593750000000001 0.5765625
2 0.18125000000000008 0.7265625 0.14062500000000008 0.7265625 0.14062500000000008 0.8296875 0.18125000000000008 0.8296875
2 0.1421875 1.5308084989341915e-17 0.1078125 1.3203223303307403e-17 0.1078125 0.08125000000000002 0.1421875 0.08125000000000002
3 0.1437500000000001 0.7109375 0.07812500000000008 0.7109375 0.07812500000000008 0.8015625 0.1437500000000001 0.8015625
3 0.3046875000000001 0.4703125 0.24218750000000008 0.4703125 0.24218750000000008 0.5796875 0.3046875000000001 0.5796875
3 0.0984375 8.323771212954668e-18 0.0375 4.592425496802574e-18 0.037500000000000006 0.04687500000000001 0.0984375 0.046875000000000014
0 0.05156250000000001 0.03125000000000001 0.0265625 0.03125 0.026562500000000006 0.1015625 0.051562500000000025 0.1015625
0 0.2531250000000001 0.4046875 0.2375000000000001 0.4046875 0.2375000000000001 0.478125 0.2531250000000001 0.478125
0 0.11093750000000009 0.6515625 0.0906250000000001 0.6515625 0.0906250000000001 0.70625 0.11093750000000009 0.70625
0 0.25468750000000007 0.5453125 0.23593750000000008 0.5453125 0.23593750000000008 0.621875 0.25468750000000007 0.621875
0 0.0828125000000001 0.76875 0.05625000000000009 0.76875 0.0562500000000001 0.8359375 0.08281250000000011 0.8359375
0 0.2578125000000001 0.4 0.2328125000000001 0.4 0.2328125000000001 0.625 0.2578125000000001 0.625
0 0.05625000000000012 0.9734375 0.028125000000000122 0.9734375 0.028125000000000122 0.9984375 0.05625000000000013 0.9984375
1 0.403125 0.35781250000000003 0.209375 0.3578125 0.20937500000000003 0.6609375 0.403125 0.6609375
0 0.11093750000000009 0.6546875 0.05312500000000009 0.6546875 0.0531250000000001 0.8328125 0.11093750000000009 0.8328125