1 1 0.19375000000000012 0.715625 0.1937500000000001 0.7156250000000001 0.7515625000000001 1 0.7515625000000001
2 0.3984375000000001 0.4921875 0.31718750000000007 0.4921875 0.31718750000000007 0.53125 0.3984375000000001 0.53125
2 0.9984375 0.2765625000000001 0.871875 0.2765625000000001 0.871875 0.3671875000000001 0.9984375 0.3671875000000001
2 0.20468750000000008 0.55 0.1703125000000001 0.55 0.1703125000000001 0.56875 0.20468750000000008 0.56875
3 0.3890625000000001 0.534375 0.3359375000000001 0.534375 0.3359375000000001 0.6171875 0.3890625000000001 0.6171875
3 0.2000000000000001 0.5734375 0.1765625000000001 0.5734375 0.1765625000000001 0.6109375 0.2000000000000001 0.6109375
3 0.934375 0.35625000000000007 0.828125 0.35625000000000007 0.828125 0.4781250000000002 0.934375 0.4781250000000002
0 0.79375 0.43750000000000017 0.7421875 0.43750000000000017 0.7421875 0.4781250000000002 0.79375 0.4781250000000002
0 0.9453125 0.5281250000000002 0.8640625 0.5281250000000002 0.8640625 0.6109375000000001 0.9453125 0.6109375000000001
0 0.3421875000000001 0.6140625 0.3000000000000001 0.6140625 0.3000000000000001 0.6390625 0.3421875000000001 0.6390625
0 0.415625 0.6125 0.3828125000000001 0.6125 0.3828125000000001 0.634375 0.415625 0.634375
0 0.946875 0.4343750000000002 0.740625 0.4343750000000002 0.740625 0.6125000000000002 0.946875 0.6125000000000002
0 0.5953125 0.6296875 0.5828125 0.6296875 0.5828125 0.6421875 0.5953125 0.6421875
0 0.4171875 0.6109375 0.2984375000000001 0.6109375 0.2984375000000001 0.6421875 0.4171875 0.6421875
0 0.1781250000000001 0.6 0.1609375000000001 0.6 0.1609375000000001 0.6140625 0.1781250000000001 0.6140625
0 0.5703125 0.621875 0.5578125 0.621875 0.5578125 0.634375 0.5703125 0.634375
1 0.4328125000000001 0.4453125 0.2578125000000001 0.4453125 0.2578125000000001 0.75 0.43281250000000016 0.75
1 0.2250000000000001 0.534375 0.14687500000000003 0.534375 0.14687500000000006 0.653125 0.2250000000000001 0.653125
1 0.609375 0.575 0.5546875 0.575 0.5546875 0.665625 0.609375 0.665625