2 0.8765625 0.4281250000000002 0.80625 0.4281250000000002 0.80625 0.4500000000000002 0.8765625 0.4500000000000002
2 0.4953125 0.4828125 0.4171875 0.4828125 0.4171875 0.5109375 0.4953125 0.5109375
3 0.865625 0.3187500000000001 0.784375 0.3187500000000001 0.784375 0.4046875000000002 0.865625 0.4046875000000002
3 0.4921875 0.4109375 0.43125 0.4109375 0.43125 0.4765625 0.4921875 0.4765625
0 0.95625 0.3046875000000001 0.871875 0.3046875000000001 0.871875 0.3296875000000001 0.95625 0.3296875000000001
0 0.4359375 0.4015625 0.3984375000000001 0.4015625 0.3984375000000001 0.4203125 0.4359375 0.4203125
0 0.790625 0.3109375000000001 0.715625 0.3109375000000001 0.715625 0.3265625000000001 0.790625 0.3265625000000001
0 0.5390625 0.415625 0.503125 0.415625 0.503125 0.4328125 0.5390625 0.4328125
0 0.9578125 0.3031250000000001 0.7109375 0.3031250000000001 0.7109375 0.3312500000000001 0.9578125 0.3312500000000001
0 0.79375 0.30156250000000007 0.709375 0.30156250000000007 0.709375 0.3312500000000001 0.79375 0.3312500000000001
1 0.996875 0.16093750000000012 0.6890625 0.1609375000000001 0.6890625 0.5156250000000001 0.996875 0.5156250000000002
1 0.571875 0.33281250000000007 0.38125 0.33281250000000007 0.38125000000000003 0.5421875 0.571875 0.5421875