2 0.4984375 0.16250000000000003 0.4578125 0.16250000000000003 0.4578125 0.2531250000000001 0.4984375 0.2531250000000001
2 0.4781250000000001 0.7140625 0.44375 0.7140625 0.4437500000000001 0.7890625 0.4781250000000002 0.7890625
3 0.6234375 0.17187500000000006 0.5203125 0.17187500000000006 0.5203125 0.2406250000000001 0.6234375 0.2406250000000001
3 0.5671875000000002 0.73125 0.49218750000000017 0.73125 0.49218750000000017 0.78125 0.5671875000000002 0.78125
0 0.640625 0.2328125000000001 0.609375 0.2328125000000001 0.609375 0.2828125000000001 0.640625 0.2828125000000001
0 0.6390625 0.12031250000000009 0.6078125 0.12031250000000009 0.6078125 0.17343750000000008 0.6390625 0.17343750000000008
0 0.5718750000000001 0.7796875 0.5531250000000002 0.7796875 0.5531250000000002 0.8171875 0.5718750000000001 0.8171875
0 0.5781250000000001 0.6890625 0.5578125 0.6890625 0.5578125 0.73125 0.5781250000000002 0.73125
0 0.64375 0.11875000000000009 0.60625 0.11875000000000009 0.60625 0.2843750000000001 0.64375 0.2843750000000001
1 0.7031250000000001 0.646875 0.4 0.646875 0.4000000000000001 0.8328125 0.7031250000000002 0.8328125
1 0.7671875 0.10000000000000006 0.4078125 0.10000000000000005 0.4078125 0.30937500000000007 0.7671875 0.30937500000000007