2 0.33281250000000007 0.515625 0.2578125000000001 0.515625 0.2578125000000001 0.5359375 0.33281250000000007 0.5359375
2 0.603125 0.5796875 0.528125 0.5796875 0.528125 0.6046875 0.603125 0.6046875
3 0.58125 0.603125 0.528125 0.603125 0.528125 0.6453125 0.58125 0.6453125
3 0.3203125000000001 0.540625 0.2640625000000001 0.540625 0.2640625000000001 0.5875 0.3203125000000001 0.5875
0 0.2656250000000001 0.578125 0.23437500000000008 0.578125 0.23437500000000008 0.59375 0.2656250000000001 0.59375
0 0.5265625 0.6359375 0.4890625 0.6359375 0.4890625 0.65 0.5265625 0.65
0 0.3453125000000001 0.5890625 0.3109375000000001 0.5890625 0.3109375000000001 0.6046875 0.3453125000000001 0.6046875
0 0.590625 0.6515625 0.56875 0.6515625 0.56875 0.6640625 0.590625 0.6640625
0 0.3500000000000001 0.578125 0.2296875000000001 0.578125 0.2296875000000001 0.60625 0.3500000000000001 0.60625
0 0.5921875 0.6359375 0.4859375 0.6359375 0.4859375 0.6640625 0.5921875 0.6640625
1 0.35625000000000007 0.4859375 0.19687500000000005 0.4859375 0.19687500000000008 0.6578125 0.35625000000000007 0.6578125
1 0.625 0.55625 0.475 0.55625 0.475 0.709375 0.625 0.709375