2 0.2500000000000001 0.446875 0.16562500000000005 0.446875 0.16562500000000005 0.4703125 0.2500000000000001 0.4703125
2 0.609375 0.434375 0.5421875 0.434375 0.5421875 0.4546875 0.609375 0.4546875
3 0.6078125 0.3828125000000001 0.553125 0.3828125000000001 0.553125 0.4296875 0.6078125 0.4296875
3 0.2390625000000001 0.3875 0.17500000000000004 0.3875 0.17500000000000004 0.4375 0.2390625000000001 0.4375
0 0.2843750000000001 0.3734375 0.23437500000000008 0.3734375 0.23437500000000008 0.390625 0.2843750000000001 0.390625
0 0.17656250000000004 0.375 0.12656250000000005 0.375 0.12656250000000005 0.3921875 0.17656250000000004 0.3921875
0 0.5578125 0.3656250000000001 0.51875 0.3656250000000001 0.51875 0.3812500000000001 0.5578125 0.3812500000000001
0 0.65 0.3703125000000001 0.6109375 0.3703125000000001 0.6109375 0.3828125000000001 0.65 0.3828125000000001
0 0.2875000000000001 0.371875 0.12343750000000005 0.371875 0.12343750000000005 0.3953125 0.2875000000000001 0.3953125
0 0.6546875 0.36406250000000007 0.5171875 0.36406250000000007 0.5171875 0.3843750000000001 0.6546875 0.3843750000000001
1 0.6890625 0.2906250000000001 0.4921875 0.2906250000000001 0.4921875 0.475 0.6890625 0.475
1 0.29218750000000004 0.29375 0.11093750000000005 0.29375 0.11093750000000005 0.496875 0.2921875000000001 0.496875