2 0.23593750000000008 0.4078125 0.16250000000000003 0.4078125 0.16250000000000003 0.4421875 0.23593750000000008 0.4421875
2 0.684375 0.3968750000000001 0.621875 0.3968750000000001 0.621875 0.425 0.684375 0.425
3 0.6734375 0.3062500000000001 0.6265625 0.3062500000000001 0.6265625 0.3781250000000001 0.6734375 0.3781250000000001
3 0.22968750000000004 0.3140625 0.17031250000000003 0.3140625 0.17031250000000003 0.3953125 0.2296875000000001 0.3953125
0 0.7203125 0.2843750000000001 0.6765625 0.2843750000000001 0.6765625 0.3062500000000001 0.7203125 0.3062500000000001
0 0.17187500000000006 0.28125 0.12968750000000004 0.28125 0.12968750000000004 0.3140625 0.17187500000000006 0.3140625
0 0.2625 0.2953125 0.225 0.2953125 0.225 0.3234375 0.2625 0.3234375
0 0.6390625 0.2843750000000001 0.6109375 0.2843750000000001 0.6109375 0.3062500000000001 0.6390625 0.3062500000000001
0 0.265625 0.278125 0.12812500000000004 0.278125 0.12812500000000004 0.325 0.265625 0.325
0 0.7234375 0.2812500000000001 0.6078125 0.2812500000000001 0.6078125 0.30937500000000007 0.7234375 0.30937500000000007
1 0.75 0.16406250000000008 0.5953125 0.16406250000000008 0.5953125 0.4828125000000001 0.75 0.4828125000000002
1 0.27656250000000004 0.1921875 0.09218750000000002 0.1921875 0.09218750000000005 0.4921875 0.2765625000000001 0.4921875