1 0.7109375 0.596875 0.6125 0.596875 0.6125 0.6859375 0.7109375 0.6859375
1 0.6953125 0.13281250000000008 0.603125 0.13281250000000008 0.603125 0.21093750000000008 0.6953125 0.21093750000000008
1 0.18593750000000003 0.2875 0.050000000000000044 0.2875 0.050000000000000044 0.3984375 0.18593750000000003 0.3984375
1 0.1843750000000001 0.7140625 0.05156250000000009 0.7140625 0.0515625000000001 0.8296875 0.1843750000000001 0.8296875
2 0.2890625000000001 0.815625 0.2484375000000001 0.815625 0.2484375000000001 0.8296875 0.2890625000000001 0.8296875
2 0.1281250000000001 0.796875 0.07656250000000009 0.796875 0.07656250000000009 0.809375 0.1281250000000001 0.809375
2 0.8296875 0.4546875000000002 0.7625 0.4546875000000002 0.7625 0.4734375000000002 0.8296875 0.4734375000000002
2 0.4781250000000002 0.78125 0.43281250000000016 0.78125 0.43281250000000016 0.796875 0.4781250000000002 0.796875
2 0.11562500000000005 0.3625 0.06875000000000005 0.3625 0.06875000000000005 0.3796875 0.11562500000000005 0.3796875
2 0.6109375000000001 0.8546875 0.5593750000000002 0.8546875 0.5593750000000002 0.86875 0.6109375000000001 0.86875
2 0.3234375 0.2625 0.2828125 0.2625 0.2828125 0.2765625 0.3234375 0.2765625
2 0.8859375 0.3234375000000001 0.834375 0.3234375000000001 0.834375 0.3375000000000001 0.8859375 0.3375000000000001
2 0.7734375 0.2531250000000001 0.7359375 0.2531250000000001 0.7359375 0.2718750000000001 0.7734375 0.2718750000000001
2 0.7921875000000002 0.8484375 0.7531250000000002 0.8484375 0.7531250000000002 0.859375 0.7921875000000002 0.859375
2 0.6359375 0.17187500000000008 0.60625 0.17187500000000008 0.60625 0.1937500000000001 0.6359375 0.1937500000000001
2 0.671875 0.6625 0.6390625 0.6625 0.6390625 0.675 0.671875 0.675
2 0.8046875 0.7140625000000002 0.7671875 0.7140625000000002 0.7671875000000001 0.7265625000000002 0.8046875 0.7265625000000002
2 0.1937500000000001 0.6359375 0.15781250000000008 0.6359375 0.15781250000000008 0.6484375 0.1937500000000001 0.6484375
2 0.3359375000000001 0.4140625 0.29375000000000007 0.4140625 0.29375000000000007 0.425 0.3359375000000001 0.425
2 0.18125000000000005 0.1859375 0.14375000000000004 0.1859375 0.14375000000000004 0.2 0.18125000000000005 0.2
2 0.6484375 0.3281250000000001 0.5984375 0.3281250000000001 0.5984375 0.3390625000000001 0.6484375 0.3390625000000001
2 0.48125 0.3375000000000001 0.4609375 0.3375000000000001 0.4609375 0.3468750000000001 0.48125 0.3468750000000001
3 0.815625 0.42187500000000017 0.7671875 0.42187500000000017 0.7671875 0.4578125000000002 0.815625 0.4578125000000002
3 0.46406250000000016 0.753125 0.4281250000000002 0.753125 0.4281250000000002 0.78125 0.46406250000000016 0.78125
3 0.12187500000000004 0.3359375 0.08437500000000005 0.3359375 0.08437500000000005 0.3640625 0.12187500000000004 0.3640625
3 0.6375 0.30156250000000007 0.6015625 0.30156250000000007 0.6015625 0.32500000000000007 0.6375 0.32500000000000007
3 0.3281250000000001 0.384375 0.2984375000000001 0.384375 0.2984375000000001 0.4109375 0.3281250000000001 0.4109375
3 0.8734375 0.2921875000000001 0.8359375 0.2921875000000001 0.8359375 0.3234375000000001 0.8734375 0.3234375000000001
3 0.6109375000000001 0.8265625 0.5750000000000002 0.8265625 0.5750000000000002 0.8515625 0.6109375000000001 0.8515625
3 0.12343750000000009 0.7671875 0.08437500000000009 0.7671875 0.08437500000000009 0.7921875 0.12343750000000009 0.7921875
3 0.1984375000000001 0.6109375 0.1750000000000001 0.6109375 0.1750000000000001 0.6359375 0.1984375000000001 0.6359375
3 0.184375 0.16250000000000003 0.15625 0.1625 0.15625000000000003 0.18593750000000003 0.18437500000000004 0.18593750000000003
3 0.2875000000000001 0.7859375 0.2593750000000001 0.7859375 0.2593750000000001 0.8109375 0.2875000000000001 0.8109375
3 0.7859375000000002 0.81875 0.7562500000000002 0.81875 0.7562500000000002 0.84375 0.7859375000000002 0.84375
3 0.2921875000000001 0.684375 0.2640625000000001 0.684375 0.2640625000000001 0.7078125 0.2921875000000001 0.7078125
3 0.3125 0.234375 0.2828125 0.234375 0.2828125 0.259375 0.3125 0.259375
3 0.48125 0.3078125000000001 0.4609375 0.3078125000000001 0.4609375 0.3312500000000001 0.48125 0.3312500000000001
3 0.1859375000000001 0.603125 0.1453125000000001 0.603125 0.1453125000000001 0.63125 0.1859375000000001 0.63125
3 0.7515625 0.23437500000000008 0.725 0.23437500000000008 0.725 0.25468750000000007 0.7515625 0.25468750000000007
3 0.790625 0.6843750000000002 0.7640625 0.6843750000000002 0.7640625 0.7093750000000002 0.790625 0.7093750000000002
3 0.73125 0.2390625000000001 0.7015625 0.2390625000000001 0.7015625 0.2656250000000001 0.73125 0.2656250000000001
0 0.8359375 0.4046875000000002 0.803125 0.4046875000000002 0.803125 0.41718750000000016 0.8359375 0.41718750000000016
0 0.7625 0.41875000000000007 0.7234375 0.41875 0.7234375 0.4312500000000001 0.7625 0.4312500000000002
0 0.934375 0.7984375000000001 0.9015625 0.7984375000000001 0.9015625 0.809375 0.934375 0.809375
0 0.7562500000000002 0.8171875 0.7312500000000002 0.8171875 0.7312500000000002 0.8265625 0.7562500000000002 0.8265625
0 0.8046875 0.8125 0.7828125000000001 0.8125 0.7828125000000001 0.821875 0.8046875 0.821875
0 0.3468750000000001 0.38125 0.32500000000000007 0.38125 0.32500000000000007 0.390625 0.3468750000000001 0.390625
0 0.459375 0.30156250000000007 0.4328125 0.30156250000000007 0.4328125 0.3109375000000001 0.459375 0.3109375000000001
0 0.4781250000000002 0.740625 0.45312500000000017 0.740625 0.45312500000000017 0.7515625 0.4781250000000002 0.7515625
0 0.896875 0.2828125000000001 0.8625 0.2828125000000001 0.8625 0.2953125000000001 0.896875 0.2953125000000001
0 0.7625 0.21875000000000008 0.74375 0.21875000000000008 0.74375 0.2296875000000001 0.7625 0.2296875000000001
0 0.2968750000000001 0.3828125 0.2765625000000001 0.3828125 0.2765625000000001 0.390625 0.2968750000000001 0.390625
0 0.10312500000000005 0.31875 0.07812500000000004 0.31875 0.07812500000000004 0.33125 0.10312500000000005 0.33125
0 0.6484375 0.1453125000000001 0.63125 0.1453125000000001 0.63125 0.15781250000000008 0.6484375 0.15781250000000008
0 0.3062500000000001 0.78125 0.2890625000000001 0.78125 0.2890625000000001 0.790625 0.3062500000000001 0.790625
0 0.09375000000000008 0.7546875 0.06562500000000009 0.7546875 0.06562500000000009 0.765625 0.09375000000000008 0.765625
0 0.1640625 0.1546875 0.146875 0.1546875 0.146875 0.1640625 0.1640625 0.1640625
0 0.6765625 0.1687500000000001 0.6625 0.1687500000000001 0.6625 0.18125000000000008 0.6765625 0.18125000000000008
0 0.7171875 0.23593750000000008 0.6984375 0.23593750000000008 0.6984375 0.2468750000000001 0.7171875 0.2468750000000001
0 0.6406250000000002 0.8203125 0.6156250000000002 0.8203125 0.6156250000000002 0.8296875 0.6406250000000002 0.8296875
0 0.8359375 0.2953125000000001 0.803125 0.2953125000000001 0.803125 0.3046875000000001 0.8359375 0.3046875000000001
0 0.6 0.2953125000000001 0.5734375 0.2953125000000001 0.5734375 0.3046875000000001 0.6 0.3046875000000001
0 0.209375 0.16562500000000005 0.1890625 0.16562500000000005 0.1890625 0.17500000000000004 0.209375 0.17500000000000004
0 0.6578125 0.628125 0.6359375 0.628125 0.6359375 0.6359375 0.6578125 0.6359375
0 0.15781250000000005 0.3359375 0.13281250000000006 0.3359375 0.13281250000000006 0.3484375 0.15781250000000005 0.3484375
0 0.325 0.228125 0.3078125 0.228125 0.3078125 0.2375 0.325 0.2375
0 0.5812500000000002 0.8125 0.5546875000000002 0.8125 0.5546875000000002 0.8234375 0.5812500000000002 0.8234375
0 0.4234375000000002 0.7546875 0.3937500000000001 0.7546875 0.3937500000000001 0.7640625 0.4234375000000002 0.7640625
0 0.7609375 0.6890625000000001 0.7390625 0.6890625000000001 0.7390625 0.6968750000000001 0.7609375 0.6968750000000001
0 0.65625 0.2906250000000001 0.63125 0.2906250000000001 0.63125 0.3000000000000001 0.65625 0.3000000000000001
0 0.16406250000000008 0.75 0.05312500000000009 0.75 0.05312500000000009 0.775 0.16406250000000008 0.775
0 0.8046875 0.6796875000000002 0.7875 0.6796875000000002 0.7875 0.6875000000000002 0.8046875 0.6875000000000002
0 0.8390625 0.4015625000000001 0.721875 0.4015625 0.721875 0.4328125000000001 0.8390625 0.43281250000000016
0 0.7 0.6359375 0.68125 0.6359375 0.68125 0.6453125 0.7 0.6453125
0 0.278125 0.2359375 0.259375 0.2359375 0.259375 0.2421875 0.278125 0.2421875
0 0.21875000000000008 0.615625 0.2015625000000001 0.615625 0.2015625000000001 0.6234375 0.21875000000000008 0.6234375
0 0.2593750000000001 0.6875 0.2375000000000001 0.6875 0.2375000000000001 0.696875 0.2593750000000001 0.696875
0 0.6796875 0.2875000000000001 0.5515625 0.2875000000000001 0.5515625 0.3187500000000001 0.6796875 0.3187500000000001
0 0.6625000000000002 0.8046875 0.5359375000000002 0.8046875 0.5359375000000002 0.8453125 0.6625000000000002 0.8453125
0 0.2671875000000001 0.784375 0.24218750000000008 0.784375 0.24218750000000008 0.7921875 0.2671875000000001 0.7921875
0 0.16093750000000004 0.3140625 0.06250000000000004 0.3140625 0.06250000000000004 0.3546875 0.16093750000000004 0.3546875
0 0.1625000000000001 0.7625 0.1281250000000001 0.7625 0.1281250000000001 0.7734375 0.1625000000000001 0.7734375
0 0.3031250000000001 0.6765625 0.2875000000000001 0.6765625 0.2875000000000001 0.6859375 0.3031250000000001 0.6859375
0 0.1828125000000001 0.6046875 0.15781250000000008 0.6046875 0.15781250000000008 0.6140625 0.1828125000000001 0.6140625
0 0.3500000000000001 0.3796875 0.2750000000000001 0.3796875 0.2750000000000001 0.3921875 0.3500000000000001 0.3921875
0 0.884375 0.28593750000000007 0.8640625 0.28593750000000007 0.8640625 0.2953125000000001 0.884375 0.2953125000000001
1 0.9109375 0.24375000000000008 0.784375 0.24375000000000008 0.784375 0.3531250000000001 0.9109375 0.3531250000000001
1 0.4796875000000001 0.7015625 0.3859375000000001 0.7015625 0.3859375000000001 0.8109375 0.47968750000000016 0.8109375
1 0.8640625 0.3781250000000001 0.70625 0.3781250000000001 0.70625 0.4953125000000001 0.8640625 0.49531250000000016
1 0.21875 0.12500000000000003 0.1265625 0.125 0.12656250000000002 0.2078125 0.21875 0.2078125
1 0.4796875 0.2562500000000001 0.4265625 0.2562500000000001 0.4265625 0.3578125000000001 0.4796875 0.3578125000000001
1 0.6593750000000002 0.775 0.5234375000000002 0.775 0.5234375000000002 0.8859375 0.6593750000000002 0.8859375
1 0.6828125 0.2531250000000001 0.55 0.2531250000000001 0.55 0.3531250000000001 0.6828125 0.3531250000000001
1 0.9484375 0.7515625000000001 0.884375 0.7515625000000001 0.884375 0.8625 0.9484375 0.8625
1 0.34375 0.2 0.253125 0.2 0.253125 0.290625 0.34375 0.290625
1 0.36875 0.3609375 0.2703125 0.3609375 0.27031250000000007 0.4390625 0.3687500000000001 0.4390625
1 0.7859375 0.19531250000000008 0.6953125 0.19531250000000008 0.6953125 0.2812500000000001 0.7859375 0.2812500000000001
1 0.2218750000000001 0.5734375 0.1359375000000001 0.5734375 0.1359375000000001 0.6609375 0.2218750000000001 0.6609375
1 0.825 0.6500000000000001 0.728125 0.6500000000000001 0.7281250000000001 0.7421875000000002 0.825 0.7421875000000002
1 0.3125000000000001 0.7578125 0.2171875000000001 0.7578125 0.2171875000000001 0.840625 0.3125000000000001 0.840625
1 0.3218750000000001 0.65 0.2312500000000001 0.65 0.2312500000000001 0.7203125 0.3218750000000001 0.7203125
1 0.815625 0.7921875 0.7156250000000002 0.7921875 0.7156250000000002 0.8734375 0.815625 0.8734375
3 0.6609375 0.1593750000000001 0.628125 0.1593750000000001 0.628125 0.1765625000000001 0.6609375 0.1765625000000001
3 0.6765625 0.6421875 0.6609375 0.6421875 0.6609375 0.6640625 0.6765625 0.6640625