2 0.784375 0.4203125000000001 0.703125 0.4203125 0.703125 0.4531250000000001 0.784375 0.45312500000000017
2 0.2921875000000001 0.375 0.2156250000000001 0.375 0.2156250000000001 0.409375 0.2921875000000001 0.409375
3 0.778125 0.30937500000000007 0.715625 0.30937500000000007 0.715625 0.4000000000000001 0.778125 0.4000000000000002
3 0.278125 0.284375 0.2234375 0.284375 0.2234375 0.35625 0.278125 0.35625
3 0.4296875 0.2843750000000001 0.4140625 0.2843750000000001 0.4140625 0.3140625000000001 0.4296875 0.3140625000000001
0 0.721875 0.2828125000000001 0.6734375 0.2828125000000001 0.6734375 0.3140625000000001 0.721875 0.3140625000000001
0 0.828125 0.28593750000000007 0.7796875 0.28593750000000007 0.7796875 0.31718750000000007 0.828125 0.31718750000000007
0 0.2125 0.2578125 0.16250000000000003 0.2578125 0.16250000000000003 0.28125 0.2125 0.28125
0 0.2921875 0.25625 0.265625 0.25625 0.265625 0.278125 0.2921875 0.278125
0 0.8296875 0.2796875000000001 0.6703125 0.2796875000000001 0.6703125 0.31718750000000007 0.8296875 0.31718750000000007
0 0.2953125 0.253125 0.16093750000000004 0.253125 0.16093750000000004 0.284375 0.2953125 0.284375
1 0.8421875 0.1859375000000001 0.6375 0.1859375000000001 0.6375 0.5078125000000001 0.8421875 0.5078125000000002
1 0.321875 0.13906250000000003 0.11875 0.1390625 0.11875000000000002 0.4734375 0.3218750000000001 0.4734375
1 0.4296875 0.23437500000000008 0.371875 0.23437500000000008 0.371875 0.3625000000000001 0.4296875 0.3625000000000001