2 0.7953125 0.37968750000000007 0.734375 0.37968750000000007 0.734375 0.42500000000000016 0.7953125 0.42500000000000016
2 0.30156250000000007 0.315625 0.2140625 0.315625 0.21406250000000004 0.36875 0.30156250000000007 0.36875
3 0.803125 0.3234375000000001 0.74375 0.3234375000000001 0.74375 0.3625000000000001 0.803125 0.3625000000000001
3 0.296875 0.2140625 0.2328125 0.2140625 0.2328125 0.303125 0.296875 0.303125
0 0.8546875 0.2640625000000001 0.809375 0.2640625000000001 0.809375 0.29375000000000007 0.8546875 0.29375000000000007
0 0.75625 0.2531250000000001 0.7125 0.2531250000000001 0.7125 0.2812500000000001 0.75625 0.2812500000000001
0 0.353125 0.2234375 0.303125 0.2234375 0.303125 0.2578125 0.353125 0.2578125
0 0.2421875 0.19218750000000004 0.19062500000000004 0.19218750000000004 0.19062500000000004 0.2171875 0.2421875 0.2171875
0 0.3546875 0.18906250000000005 0.19062500000000004 0.18906250000000005 0.19062500000000004 0.259375 0.3546875 0.259375
1 0.38281250000000006 0.08750000000000004 0.1453125 0.08750000000000002 0.1453125 0.4546875 0.3828125000000001 0.4546875
1 0.8671875 0.19687500000000008 0.6734375 0.19687500000000008 0.6734375 0.48125000000000007 0.8671875 0.4812500000000002