2 0.2015625000000001 0.659375 0.12031250000000009 0.659375 0.12031250000000009 0.690625 0.2015625000000001 0.690625
2 0.6453125 0.6546875 0.5953125 0.6546875 0.5953125 0.7015625 0.6453125 0.7015625
3 0.6375000000000001 0.7171875 0.5921875 0.7171875 0.5921875000000001 0.7734375 0.6375000000000002 0.7734375
3 0.1921875000000001 0.7078125 0.13281250000000008 0.7078125 0.13281250000000008 0.7546875 0.1921875000000001 0.7546875
0 0.13281250000000008 0.7890625 0.0906250000000001 0.7890625 0.0906250000000001 0.8234375 0.13281250000000008 0.8234375
0 0.2250000000000001 0.7796875 0.1843750000000001 0.7796875 0.1843750000000001 0.8109375 0.2250000000000001 0.8109375
0 0.6765625000000002 0.7953125 0.6375000000000002 0.7953125 0.6375000000000002 0.8171875 0.6765625000000002 0.8171875
0 0.6015625000000002 0.7859375 0.5765625000000002 0.7859375 0.5765625000000002 0.8046875 0.6015625000000002 0.8046875
0 0.22656250000000008 0.7796875 0.08750000000000009 0.7796875 0.0875000000000001 0.825 0.22656250000000008 0.825
0 0.6812500000000001 0.7859375 0.5750000000000002 0.7859375 0.5750000000000002 0.81875 0.6812500000000001 0.81875
1 0.7171875000000001 0.6046875 0.5703125 0.6046875 0.5703125000000001 0.9328125 0.7171875000000002 0.9328125
1 0.24218750000000008 0.5984375 0.056250000000000064 0.5984375 0.05625000000000009 0.8921875 0.24218750000000008 0.8921875