2 0.5484375 0.19531250000000006 0.5140625 0.19531250000000006 0.5140625 0.2828125000000001 0.5484375 0.2828125000000001
2 0.4484375 0.5046875 0.4171875 0.5046875 0.4171875 0.5625 0.4484375 0.5625
3 0.5015625 0.2078125000000001 0.4140625 0.2078125000000001 0.4140625 0.2734375000000001 0.5015625 0.2734375000000001
3 0.4140625 0.5203125 0.3578125000000001 0.5203125 0.3578125000000001 0.5609375 0.4140625 0.5609375
0 0.4140625 0.2640625000000001 0.3828125 0.2640625000000001 0.3828125 0.3078125000000001 0.4140625 0.3078125000000001
0 0.3734375000000001 0.5703125 0.35625000000000007 0.5703125 0.35625000000000007 0.5921875 0.3734375000000001 0.5921875
0 0.428125 0.15312500000000004 0.409375 0.15312500000000004 0.409375 0.2140625000000001 0.428125 0.2140625000000001
0 0.3468750000000001 0.5109375 0.32500000000000007 0.5109375 0.32500000000000007 0.5359375 0.3468750000000001 0.5359375
0 0.4296875 0.15156250000000004 0.38125 0.15156250000000004 0.38125 0.3109375000000001 0.4296875 0.3109375000000001
0 0.3750000000000001 0.509375 0.3234375000000001 0.509375 0.3234375000000001 0.5953125 0.3750000000000001 0.5953125
0 0.3859375000000001 0.37187500000000007 0.3734375000000001 0.37187500000000007 0.3734375000000001 0.3890625000000001 0.3859375000000001 0.3890625000000001
0 0.3453125000000001 0.5234375 0.3296875000000001 0.5234375 0.3296875000000001 0.5359375 0.3453125000000001 0.5359375
0 0.3906250000000001 0.3937500000000001 0.3734375000000001 0.3937500000000001 0.3734375000000001 0.409375 0.3906250000000001 0.409375
1 0.615625 0.11718750000000007 0.271875 0.11718750000000004 0.271875 0.3296875 0.615625 0.3296875000000001
1 0.49375 0.4765625 0.2640625000000001 0.4765625 0.2640625000000001 0.6140625 0.49375 0.6140625
1 0.4375 0.34843750000000007 0.353125 0.3484375 0.353125 0.40625 0.4375 0.40625