2 0.5109375 0.19062500000000004 0.4828125 0.19062500000000004 0.4828125 0.2687500000000001 0.5109375 0.2687500000000001
2 0.453125 0.5203125 0.4375 0.5203125 0.4375 0.5515625 0.453125 0.5515625
3 0.46875 0.2062500000000001 0.390625 0.2062500000000001 0.390625 0.26250000000000007 0.46875 0.26250000000000007
3 0.4359375 0.5265625 0.4015625 0.5265625 0.4015625 0.5453125 0.4359375 0.5453125
0 0.39375 0.16562500000000005 0.3625 0.16562500000000005 0.3625 0.21093750000000006 0.39375 0.21093750000000008
0 0.40625 0.2609375000000001 0.378125 0.2609375000000001 0.378125 0.2984375000000001 0.40625 0.2984375000000001
0 0.4078125 0.16406250000000006 0.3609375 0.16406250000000006 0.3609375 0.30156250000000007 0.4078125 0.30156250000000007
0 0.4109375 0.54375 0.3984375000000001 0.54375 0.3984375000000001 0.559375 0.4109375 0.559375
0 0.4109375 0.5125 0.3984375000000001 0.5125 0.3984375000000001 0.528125 0.4109375 0.528125
0 0.2609375000000001 0.54375 0.2484375000000001 0.54375 0.2484375000000001 0.55625 0.2609375000000001 0.55625
1 0.5671875 0.13906250000000006 0.24375 0.13906250000000003 0.24375 0.31093750000000003 0.5671875 0.3109375000000001
1 0.4703125 0.5015625 0.3578125000000001 0.5015625 0.3578125000000001 0.571875 0.4703125 0.571875
1 0.3046875000000001 0.509375 0.22031250000000008 0.509375 0.22031250000000008 0.559375 0.3046875000000001 0.559375
0 0.2531250000000001 0.51875 0.2406250000000001 0.51875 0.2406250000000001 0.53125 0.2531250000000001 0.53125
0 0.2593750000000001 0.51875 0.2406250000000001 0.51875 0.2406250000000001 0.55625 0.2593750000000001 0.55625
3 0.2750000000000001 0.528125 0.2531250000000001 0.528125 0.2531250000000001 0.540625 0.2750000000000001 0.540625
2 0.2921875000000001 0.521875 0.2765625000000001 0.521875 0.2765625000000001 0.540625 0.2921875000000001 0.540625
0 0.4125 0.5125 0.3968750000000001 0.5125 0.3968750000000001 0.559375 0.4125 0.559375