2 0.3000000000000001 0.7578125 0.2656250000000001 0.7578125 0.2656250000000001 0.8203125 0.3000000000000001 0.8203125
2 0.453125 0.2562500000000001 0.4265625 0.2562500000000001 0.4265625 0.3312500000000001 0.453125 0.3312500000000001
2 0.3265625000000001 0.553125 0.30937500000000007 0.553125 0.30937500000000007 0.58125 0.3265625000000001 0.58125
3 0.2609375000000001 0.76875 0.19531250000000008 0.76875 0.19531250000000008 0.815625 0.2609375000000001 0.815625
3 0.4078125 0.26875000000000004 0.3296875 0.26875 0.3296875 0.32343750000000004 0.4078125 0.3234375000000001
3 0.3062500000000001 0.55625 0.2671875000000001 0.55625 0.2671875000000001 0.5796875 0.3062500000000001 0.5796875
0 0.3265625 0.2234375 0.2953125 0.2234375 0.2953125 0.2703125 0.3265625 0.2703125
0 0.3375 0.321875 0.309375 0.321875 0.309375 0.3609375 0.3375 0.3609375
0 0.2015625000000001 0.8171875 0.1828125000000001 0.8171875 0.1828125000000001 0.8546875 0.2015625000000001 0.8546875
0 0.19687500000000008 0.7515625 0.17968750000000008 0.7515625 0.17968750000000008 0.7828125 0.19687500000000008 0.7828125
0 0.2765625000000001 0.5828125 0.2640625000000001 0.5828125 0.2640625000000001 0.5984375 0.2765625000000001 0.5984375
0 0.2750000000000001 0.5515625 0.2640625000000001 0.5515625 0.2640625000000001 0.5640625 0.2750000000000001 0.5640625
0 0.33906250000000004 0.2203125 0.2921875 0.2203125 0.29218750000000004 0.3640625 0.3390625000000001 0.3640625
0 0.20312500000000008 0.7484375 0.1765625000000001 0.7484375 0.1765625000000001 0.85625 0.20312500000000008 0.85625
1 0.3375000000000001 0.7296875 0.10468750000000009 0.7296875 0.10468750000000009 0.875 0.3375000000000001 0.875
1 0.5140625 0.19687500000000005 0.18906250000000005 0.19687500000000005 0.18906250000000005 0.37187500000000007 0.5140625 0.37187500000000007
1 0.3515625000000001 0.5421875 0.22656250000000008 0.5421875 0.22656250000000008 0.6140625 0.3515625000000001 0.6140625
0 0.2765625000000001 0.5515625 0.2640625000000001 0.5515625 0.2640625000000001 0.5984375 0.2765625000000001 0.5984375