2 0.3125000000000001 0.3890625 0.21875000000000008 0.3890625 0.21875000000000008 0.428125 0.3125000000000001 0.428125
2 0.6484375 0.409375 0.590625 0.409375 0.590625 0.43125 0.6484375 0.43125
3 0.30000000000000004 0.259375 0.228125 0.259375 0.22812500000000005 0.36875 0.3000000000000001 0.36875
3 0.6578125 0.31718750000000007 0.6078125 0.31718750000000007 0.6078125 0.3984375000000001 0.6578125 0.3984375000000001
0 0.228125 0.2359375 0.17031250000000003 0.2359375 0.17031250000000003 0.2703125 0.228125 0.2703125
0 0.621875 0.2875000000000001 0.584375 0.2875000000000001 0.584375 0.3156250000000001 0.621875 0.3156250000000001
0 0.690625 0.3109375000000001 0.659375 0.3109375000000001 0.659375 0.33281250000000007 0.690625 0.33281250000000007
0 0.34375 0.2625 0.2875 0.2625 0.2875 0.28125 0.34375 0.28125
0 0.6921875 0.2875000000000001 0.5828125 0.2875000000000001 0.5828125 0.3343750000000001 0.6921875 0.3343750000000001
0 0.3453125 0.234375 0.16875000000000004 0.234375 0.16875000000000004 0.2828125 0.3453125 0.2828125
1 0.3609375 0.07812500000000003 0.125 0.07812500000000003 0.12500000000000003 0.5 0.3609375000000001 0.5
1 0.7 0.17812500000000006 0.528125 0.17812500000000003 0.528125 0.4875 0.7 0.4875