1 1 0.2500000000000001 0.715625 0.2500000000000001 0.7156250000000001 0.8078125 1 0.8078125
2 0.3984375000000001 0.46875 0.31718750000000007 0.46875 0.31718750000000007 0.5078125 0.3984375000000001 0.5078125
2 0.9984375 0.6343750000000001 0.871875 0.6343750000000001 0.871875 0.7250000000000002 0.9984375 0.7250000000000002
2 0.20468750000000008 0.43125 0.17031250000000003 0.43125 0.17031250000000003 0.45 0.20468750000000008 0.45
3 0.3890625000000001 0.384375 0.3359375000000001 0.384375 0.3359375000000001 0.4671875 0.3890625000000001 0.4671875
3 0.2000000000000001 0.390625 0.17656250000000004 0.390625 0.17656250000000004 0.428125 0.2000000000000001 0.428125
3 0.934375 0.5218750000000002 0.828125 0.5218750000000002 0.828125 0.6437500000000002 0.934375 0.6437500000000002
0 0.79375 0.5234375000000002 0.7421875 0.5234375000000002 0.7421875 0.5640625000000001 0.79375 0.5640625000000001
0 0.9453125 0.3906250000000001 0.8640625 0.3906250000000001 0.8640625 0.4734375000000002 0.9453125 0.4734375000000002
0 0.34218750000000003 0.3609375 0.3 0.3609375 0.30000000000000004 0.3859375 0.3421875000000001 0.3859375
0 0.415625 0.3656250000000001 0.3828125000000001 0.3656250000000001 0.3828125000000001 0.38750000000000007 0.415625 0.38750000000000007
0 0.946875 0.38750000000000007 0.740625 0.38750000000000007 0.740625 0.5656250000000002 0.946875 0.5656250000000002
0 0.5953125 0.3593750000000001 0.5828125 0.3593750000000001 0.5828125 0.37187500000000007 0.5953125 0.37187500000000007
0 0.4171875 0.35937500000000006 0.2984375 0.359375 0.2984375 0.39062500000000006 0.4171875 0.3906250000000001
0 0.17812500000000003 0.3859375 0.16093750000000004 0.3859375 0.16093750000000004 0.4 0.17812500000000003 0.4
0 0.5703125 0.3656250000000001 0.5578125 0.3656250000000001 0.5578125 0.3781250000000001 0.5703125 0.3781250000000001
1 0.4328125 0.25000000000000006 0.2578125 0.25 0.25781250000000006 0.5546875 0.4328125 0.5546875
1 0.22500000000000003 0.3484375 0.14687500000000003 0.3484375 0.14687500000000003 0.4671875 0.2250000000000001 0.4671875
1 0.609375 0.3359375000000001 0.5546875 0.3359375000000001 0.5546875 0.4265625 0.609375 0.4265625