1 0.66875 0.5375 0.6078125 0.5375 0.6078125 0.634375 0.66875 0.634375
2 0.8015625 0.6375000000000002 0.7765625 0.6375000000000002 0.7765625 0.6562500000000002 0.8015625 0.6562500000000002
2 0.2140625000000001 0.5515625 0.18906250000000008 0.5515625 0.18906250000000008 0.56875 0.2140625000000001 0.56875
2 0.36406250000000007 0.584375 0.3421875000000001 0.584375 0.3421875000000001 0.5984375 0.36406250000000007 0.5984375
2 0.6515625 0.6203125 0.6296875 0.6203125 0.6296875 0.634375 0.6515625 0.634375
3 0.3656250000000001 0.5515625 0.3500000000000001 0.5515625 0.3500000000000001 0.5796875 0.3656250000000001 0.5796875
3 0.7921875 0.6140625000000002 0.771875 0.6140625000000002 0.771875 0.6437500000000002 0.7921875 0.6437500000000002
3 0.646875 0.5859375 0.628125 0.5859375 0.628125 0.615625 0.646875 0.615625
3 0.2171875000000001 0.5265625 0.2015625000000001 0.5265625 0.2015625000000001 0.5546875 0.2171875000000001 0.5546875
3 0.540625 0.5859375 0.525 0.5859375 0.525 0.6078125 0.540625 0.6078125
0 0.796875 0.5968750000000002 0.7828125 0.5968750000000002 0.7828125 0.6093750000000002 0.796875 0.6093750000000002
0 0.6578125 0.5765625 0.6453125 0.5765625 0.6453125 0.5875 0.6578125 0.5875
0 0.6265625 0.5828125 0.6125 0.5828125 0.6125 0.59375 0.6265625 0.59375
0 0.3765625000000001 0.5484375 0.36406250000000007 0.5484375 0.36406250000000007 0.55625 0.3765625000000001 0.55625
0 0.3500000000000001 0.54375 0.3359375000000001 0.54375 0.3359375000000001 0.553125 0.3500000000000001 0.553125
0 0.2328125000000001 0.528125 0.2218750000000001 0.528125 0.2218750000000001 0.5375 0.2328125000000001 0.5375
0 0.7671875 0.6140625000000002 0.753125 0.6140625000000002 0.753125 0.6265625000000001 0.7671875 0.6265625000000001
0 0.2062500000000001 0.5140625 0.19375000000000003 0.5140625 0.19375000000000003 0.525 0.2062500000000001 0.525
0 0.525 0.575 0.5109375 0.575 0.5109375 0.584375 0.525 0.584375
0 0.5546875 0.5828125 0.5390625 0.5828125 0.5390625 0.59375 0.5546875 0.59375
0 0.659375 0.575 0.6109375 0.575 0.6109375 0.5953125 0.659375 0.5953125
0 0.7984375 0.5953125000000001 0.753125 0.5953125000000001 0.753125 0.6281250000000002 0.7984375 0.6281250000000002
1 0.3781250000000001 0.503125 0.3203125000000001 0.503125 0.3203125000000001 0.6140625 0.3781250000000001 0.6140625
1 0.8203125 0.5671875000000002 0.7453125 0.5671875000000002 0.7453125 0.6750000000000002 0.8203125 0.6750000000000002
1 0.2390625000000001 0.4859375 0.17500000000000004 0.4859375 0.17500000000000007 0.5890625 0.2390625000000001 0.5890625
1 0.5609375 0.5453125 0.5078125 0.5453125 0.5078125 0.6390625 0.5609375 0.6390625