2 0.2296875000000001 0.5453125 0.15781250000000008 0.5453125 0.15781250000000008 0.575 0.2296875000000001 0.575
2 0.5875 0.409375 0.5484375 0.409375 0.5484375 0.4484375 0.5875 0.4484375
2 0.3984375000000001 0.38906250000000003 0.34843750000000007 0.3890625 0.34843750000000007 0.4109375 0.3984375000000001 0.4109375
3 0.22812500000000008 0.459375 0.17500000000000004 0.459375 0.17500000000000004 0.5296875 0.22812500000000008 0.5296875
3 0.3921875 0.3375 0.359375 0.3375 0.35937500000000006 0.38125000000000003 0.3921875000000001 0.3812500000000001
3 0.5796875 0.35625000000000007 0.5515625 0.35625000000000007 0.5515625 0.3984375000000001 0.5796875 0.3984375000000001
0 0.2671875000000001 0.440625 0.2312500000000001 0.440625 0.2312500000000001 0.4625 0.2671875000000001 0.4625
0 0.55 0.3437500000000001 0.528125 0.3437500000000001 0.528125 0.3593750000000001 0.55 0.3593750000000001
0 0.41875 0.3265625000000001 0.390625 0.3265625000000001 0.390625 0.34062500000000007 0.41875 0.34062500000000007
0 0.596875 0.3421875000000001 0.5796875 0.3421875000000001 0.5796875 0.35625000000000007 0.596875 0.35625000000000007
0 0.18437500000000004 0.428125 0.14687500000000003 0.428125 0.14687500000000003 0.453125 0.18437500000000004 0.453125
0 0.3625 0.321875 0.3359375 0.321875 0.3359375 0.3359375 0.3625 0.3359375
0 0.2687500000000001 0.425 0.14531250000000004 0.425 0.14531250000000004 0.4640625 0.2687500000000001 0.4640625
0 0.4203125 0.32031250000000006 0.334375 0.3203125 0.334375 0.34218750000000003 0.4203125 0.3421875000000001
0 0.5984375 0.34062500000000007 0.5265625 0.34062500000000007 0.5265625 0.3593750000000001 0.5984375 0.3593750000000001
1 0.6390625 0.3234375000000001 0.5140625 0.3234375000000001 0.5140625 0.478125 0.6390625 0.478125
1 0.27656250000000004 0.3421875 0.09375000000000004 0.3421875 0.09375000000000006 0.6234375 0.2765625000000001 0.6234375
1 0.4375 0.30625 0.3125 0.30625 0.31250000000000006 0.4546875 0.4375 0.4546875