2 0.7734375 0.4312500000000001 0.6921875 0.43125 0.6921875 0.4625000000000001 0.7734375 0.4625000000000002
2 0.34843750000000007 0.371875 0.3265625000000001 0.371875 0.3265625000000001 0.3921875 0.34843750000000007 0.3921875
3 0.75625 0.33281250000000007 0.6984375 0.33281250000000007 0.6984375 0.4156250000000001 0.75625 0.4156250000000002
3 0.34218750000000003 0.334375 0.321875 0.334375 0.321875 0.36875 0.3421875000000001 0.36875
0 0.8015625 0.30156250000000007 0.753125 0.30156250000000007 0.753125 0.33281250000000007 0.8015625 0.33281250000000007
0 0.70625 0.3312500000000001 0.6640625 0.3312500000000001 0.6640625 0.3515625000000001 0.70625 0.3515625000000001
0 0.803125 0.3000000000000001 0.6625 0.3000000000000001 0.6625 0.3515625000000001 0.803125 0.3515625000000001
0 0.321875 0.340625 0.30625 0.340625 0.30625 0.353125 0.321875 0.353125
0 0.3546875 0.3296875 0.3375 0.3296875 0.3375 0.34375 0.3546875 0.34375
1 0.37343750000000003 0.29687500000000006 0.296875 0.296875 0.29687500000000006 0.4140625 0.3734375000000001 0.4140625
1 0.821875 0.1703125000000001 0.653125 0.1703125000000001 0.653125 0.5234375000000001 0.821875 0.5234375000000002
0 0.3546875 0.3296875 0.30625 0.3296875 0.30625 0.3546875 0.3546875 0.3546875