2 0.5859375000000001 0.678125 0.5484375 0.678125 0.5484375000000001 0.834375 0.5859375000000002 0.834375
2 0.5921875 0.2515625000000001 0.5578125 0.2515625000000001 0.5578125 0.3546875000000001 0.5921875 0.3546875000000001
3 0.7093750000000001 0.6859375 0.609375 0.6859375 0.6093750000000001 0.8109375 0.7093750000000002 0.8109375
3 0.678125 0.2500000000000001 0.6015625 0.2500000000000001 0.6015625 0.3343750000000001 0.678125 0.3343750000000001
0 0.73125 0.6046875 0.696875 0.6046875 0.696875 0.6921875000000001 0.73125 0.6921875000000002
0 0.7468750000000002 0.8015625 0.7078125000000002 0.8015625 0.7078125000000002 0.8953125 0.7468750000000002 0.8953125
0 0.696875 0.31718750000000007 0.675 0.31718750000000007 0.675 0.3734375000000001 0.696875 0.3734375000000001
0 0.684375 0.18906250000000008 0.6625 0.18906250000000008 0.6625 0.24218750000000008 0.684375 0.24218750000000008
0 0.7500000000000001 0.6000000000000001 0.696875 0.6 0.6968750000000001 0.8984375 0.7500000000000002 0.8984375
0 0.6984375 0.1859375000000001 0.6640625 0.1859375000000001 0.6640625 0.3765625000000001 0.6984375 0.3765625000000001
1 0.8921875 0.5750000000000001 0.4875 0.575 0.4875000000000001 0.95625 0.8921875 0.95625
1 0.7484375 0.17031250000000006 0.525 0.17031250000000003 0.525 0.4328125000000001 0.7484375 0.43281250000000016