2 0.421875 0.453125 0.3546875000000001 0.453125 0.3546875000000001 0.475 0.421875 0.475
2 0.709375 0.4484375 0.659375 0.4484375 0.659375 0.4671875 0.709375 0.4671875
3 0.6953125 0.4046875 0.65625 0.4046875 0.65625 0.4421875 0.6953125 0.4421875
3 0.4234375 0.4078125 0.3687500000000001 0.4078125 0.3687500000000001 0.446875 0.4234375 0.446875
0 0.4625 0.4 0.425 0.4 0.425 0.4140625 0.4625 0.4140625
0 0.6484375 0.4046875 0.6171875 0.4046875 0.6171875 0.41875 0.6484375 0.41875
0 0.7125 0.3906250000000001 0.6828125 0.3906250000000001 0.6828125 0.4046875 0.7125 0.4046875
0 0.3828125000000001 0.38906250000000003 0.3468750000000001 0.3890625 0.3468750000000001 0.403125 0.3828125000000001 0.403125
0 0.465625 0.38750000000000007 0.3437500000000001 0.3875 0.3437500000000001 0.415625 0.465625 0.415625
0 0.7140625 0.3906250000000001 0.6140625 0.3906250000000001 0.6140625 0.4203125 0.7140625 0.4203125
1 0.7421875 0.3531250000000001 0.596875 0.3531250000000001 0.596875 0.48906250000000007 0.7421875 0.4890625000000002
1 0.478125 0.34843750000000007 0.3203125 0.3484375 0.32031250000000006 0.5 0.478125 0.5