1 0.9984375 0.30937500000000007 0.7484375 0.30937500000000007 0.7484375 0.5703125000000002 0.9984375 0.5703125000000002
2 0.9296875 0.48437500000000017 0.821875 0.48437500000000017 0.821875 0.5093750000000001 0.9296875 0.5093750000000001
2 0.23437500000000008 0.4328125 0.18281250000000004 0.4328125 0.18281250000000004 0.4546875 0.23437500000000008 0.4546875
3 0.2312500000000001 0.3671875 0.17031250000000003 0.3671875 0.17031250000000003 0.421875 0.2312500000000001 0.421875
3 0.915625 0.4031250000000002 0.825 0.4031250000000002 0.825 0.4671875000000002 0.915625 0.4671875000000002
0 0.975 0.3687500000000001 0.9078125 0.3687500000000001 0.9078125 0.3921875000000001 0.975 0.3921875000000001
0 0.17187500000000006 0.3578125 0.12031250000000004 0.3578125 0.12031250000000004 0.3734375 0.17187500000000006 0.3734375
0 0.2515625 0.35625 0.2171875 0.35625 0.21718750000000003 0.3703125 0.2515625000000001 0.3703125
0 0.8203125 0.3984375000000001 0.76875 0.3984375000000001 0.76875 0.41406250000000017 0.8203125 0.41406250000000017
0 0.25468750000000007 0.3546875 0.11718750000000004 0.3546875 0.11718750000000004 0.3734375 0.25468750000000007 0.3734375
1 0.27343750000000006 0.2671875 0.06406250000000002 0.2671875 0.06406250000000005 0.490625 0.2734375000000001 0.490625
0 0.9734375 0.3671875000000001 0.7703125 0.3671875000000001 0.7703125 0.4125000000000002 0.9734375 0.4125000000000002