2 0.3578125000000001 0.4421875 0.22031250000000008 0.4421875 0.22031250000000008 0.484375 0.3578125000000001 0.484375
2 0.6296875 0.4125 0.5640625 0.4125 0.5640625 0.428125 0.6296875 0.428125
2 0.83125 0.40937500000000016 0.78125 0.40937500000000016 0.78125 0.4234375000000002 0.83125 0.4234375000000002
3 0.33906250000000004 0.33125 0.2296875 0.33125 0.22968750000000004 0.421875 0.3390625000000001 0.421875
3 0.6203125 0.3656250000000001 0.5671875 0.3656250000000001 0.5671875 0.4046875 0.6203125 0.4046875
3 0.8203125 0.3750000000000001 0.78125 0.3750000000000001 0.78125 0.4046875000000002 0.8203125 0.4046875000000002
0 0.40625 0.31875000000000003 0.3265625 0.31875 0.3265625 0.34218750000000003 0.40625 0.3421875000000001
0 0.65625 0.3609375000000001 0.615625 0.3609375000000001 0.615625 0.3734375000000001 0.65625 0.3734375000000001
0 0.2125 0.3171875 0.10468750000000004 0.3171875 0.10468750000000004 0.34375 0.2125 0.34375
0 0.8453125 0.3671875000000001 0.8109375 0.3671875000000001 0.8109375 0.3781250000000001 0.8453125 0.3781250000000001
0 0.778125 0.3734375000000001 0.7421875 0.3734375000000001 0.7421875 0.3859375000000001 0.778125 0.3859375000000001
0 0.409375 0.3140625 0.10312500000000005 0.3140625 0.10312500000000005 0.3453125 0.409375 0.3453125000000001
0 0.571875 0.3656250000000001 0.5265625 0.3656250000000001 0.5265625 0.3734375000000001 0.571875 0.3734375000000001
0 0.846875 0.3656250000000001 0.740625 0.3656250000000001 0.740625 0.3859375000000001 0.846875 0.3859375000000001
1 0.446875 0.17031250000000003 0.003125000000000021 0.1703125 0.0031250000000000422 0.5265625 0.446875 0.5265625
1 0.66875 0.3125000000000001 0.503125 0.3125000000000001 0.503125 0.4453125 0.66875 0.4453125
1 0.86875 0.3390625000000001 0.7234375 0.3390625000000001 0.7234375 0.4406250000000001 0.86875 0.44062500000000016
0 0.65625 0.3609375000000001 0.525 0.3609375000000001 0.525 0.3750000000000001 0.65625 0.3750000000000001