2 0.8046875 0.3500000000000001 0.6515625 0.3500000000000001 0.6515625 0.3906250000000001 0.8046875 0.3906250000000001
2 0.3296875000000001 0.4203125 0.2296875000000001 0.4203125 0.2296875000000001 0.4859375 0.3296875000000001 0.4859375
3 0.78125 0.4062500000000001 0.6640625 0.40625 0.6640625 0.5000000000000001 0.78125 0.5000000000000002
3 0.36406250000000007 0.4875 0.2593750000000001 0.4875 0.2593750000000001 0.55625 0.36406250000000007 0.55625
0 0.875 0.4906250000000002 0.775 0.4906250000000002 0.775 0.5218750000000002 0.875 0.5218750000000002
0 0.671875 0.5046875 0.5921875 0.5046875 0.5921875 0.5328125 0.671875 0.5328125
0 0.45625 0.54375 0.38750000000000007 0.54375 0.38750000000000007 0.575 0.45625 0.575
0 0.30156250000000007 0.5953125 0.2171875000000001 0.5953125 0.2171875000000001 0.628125 0.30156250000000007 0.628125
0 0.4609375 0.5421875 0.21093750000000008 0.5421875 0.21093750000000008 0.6296875 0.4609375 0.6296875
0 0.878125 0.4906250000000001 0.590625 0.490625 0.590625 0.534375 0.878125 0.5343750000000002
1 0.9453125 0.2921875000000001 0.5609375 0.2921875000000001 0.5609375 0.6296875000000001 0.9453125 0.6296875000000002
1 0.490625 0.35468750000000004 0.09218750000000005 0.3546875 0.09218750000000006 0.6796875 0.490625 0.6796875