2 0.15781250000000008 0.7109375 0.1453125000000001 0.7109375 0.1453125000000001 0.7484375 0.15781250000000008 0.7484375
2 0.7765625 0.2218750000000001 0.7640625 0.2218750000000001 0.7640625 0.2562500000000001 0.7765625 0.2562500000000001
2 0.4625000000000001 0.7171875 0.453125 0.7171875 0.4531250000000001 0.753125 0.4625000000000002 0.753125
2 0.4640625 0.27812500000000007 0.4546875 0.27812500000000007 0.4546875 0.3156250000000001 0.4640625 0.3156250000000001
2 0.18437500000000004 0.2890625 0.17500000000000004 0.2890625 0.17500000000000004 0.3234375 0.18437500000000004 0.3234375
2 0.7718750000000002 0.7531250000000002 0.7625000000000002 0.7531250000000002 0.7625000000000002 0.7843750000000002 0.7718750000000002 0.7843750000000002
3 0.14218750000000008 0.7171875 0.11875000000000009 0.7171875 0.11875000000000009 0.746875 0.14218750000000008 0.746875
3 0.7625 0.22812500000000008 0.740625 0.22812500000000008 0.740625 0.2562500000000001 0.7625 0.2562500000000001
3 0.4484375000000001 0.7234375 0.428125 0.7234375 0.4281250000000001 0.7515625 0.44843750000000016 0.7515625
3 0.17187500000000006 0.2921875 0.15312500000000004 0.2921875 0.15312500000000004 0.3171875 0.17187500000000006 0.3171875
3 0.45 0.2843750000000001 0.43125 0.2843750000000001 0.43125 0.3125000000000001 0.45 0.3125000000000001
3 0.7593750000000001 0.7562500000000002 0.7406250000000002 0.7562500000000002 0.7406250000000002 0.7812500000000002 0.7593750000000001 0.7812500000000002
0 0.12343750000000009 0.7453125 0.1140625000000001 0.7453125 0.1140625000000001 0.7671875 0.12343750000000009 0.7671875
0 0.12343750000000009 0.696875 0.1140625000000001 0.696875 0.1140625000000001 0.71875 0.12343750000000009 0.71875
0 0.7453125 0.2562500000000001 0.7359375 0.2562500000000001 0.7359375 0.2765625000000001 0.7453125 0.2765625000000001
0 0.4328125 0.3125000000000001 0.425 0.3125000000000001 0.425 0.3312500000000001 0.4328125 0.3312500000000001
0 0.7421875 0.21093750000000008 0.7328125 0.21093750000000008 0.7328125 0.2296875000000001 0.7421875 0.2296875000000001
0 0.4312500000000001 0.7046875 0.4234375 0.7046875 0.4234375000000001 0.7265625 0.4312500000000002 0.7265625
0 0.15781250000000005 0.315625 0.15000000000000005 0.315625 0.15000000000000005 0.33125 0.15781250000000005 0.33125
0 0.15625000000000006 0.2765625 0.15000000000000005 0.2765625 0.15000000000000005 0.2921875 0.15625000000000006 0.2921875
0 0.4312500000000002 0.7515625 0.4234375000000002 0.7515625 0.4234375000000002 0.76875 0.4312500000000002 0.76875
0 0.43125 0.2656250000000001 0.4234375 0.2656250000000001 0.4234375 0.2875000000000001 0.43125 0.2875000000000001
0 0.7421875000000002 0.7406250000000002 0.7343750000000002 0.7406250000000002 0.7343750000000002 0.7578125000000002 0.7421875000000002 0.7578125000000002
0 0.7453125000000002 0.7843750000000002 0.7375000000000002 0.7843750000000002 0.7375000000000002 0.8 0.7453125000000002 0.8
0 0.12343750000000009 0.6953125 0.11093750000000009 0.6953125 0.11093750000000009 0.76875 0.12343750000000009 0.76875
0 0.15781250000000005 0.275 0.14843750000000006 0.275 0.14843750000000006 0.3328125 0.15781250000000005 0.3328125
0 0.7453125 0.2078125000000001 0.7328125 0.2078125000000001 0.7328125 0.27812500000000007 0.7453125 0.27812500000000007
0 0.4328125000000001 0.7046875 0.421875 0.7046875 0.4218750000000001 0.7703125 0.43281250000000016 0.7703125
0 0.434375 0.26250000000000007 0.421875 0.26250000000000007 0.421875 0.3312500000000001 0.434375 0.3312500000000001
0 0.7453125000000002 0.7390625000000002 0.7328125000000002 0.7390625000000002 0.7328125000000002 0.8015625 0.7453125000000002 0.8015625
1 0.1703125000000001 0.6796875 0.08906250000000009 0.6796875 0.08906250000000009 0.7765625 0.1703125000000001 0.7765625
1 0.19375000000000003 0.26875 0.12500000000000006 0.26875 0.12500000000000006 0.34375 0.19375000000000003 0.34375
1 0.4765625 0.25468750000000007 0.3984375 0.25468750000000007 0.3984375 0.3390625000000001 0.4765625 0.3390625000000001
1 0.4765625000000001 0.6890625 0.4 0.6890625 0.4000000000000001 0.7734375 0.47656250000000017 0.7734375
1 0.7890625 0.1984375000000001 0.7109375 0.1984375000000001 0.7109375 0.2828125000000001 0.7890625 0.2828125000000001
1 0.7828125000000001 0.7312500000000001 0.7109375000000002 0.73125 0.7109375000000002 0.8109375 0.7828125000000001 0.8109375