1 0.5328125 0.19375000000000003 0.2609375 0.19375000000000003 0.26093750000000004 0.459375 0.5328125 0.459375
2 0.8453125 0.4234375000000001 0.69375 0.4234375 0.69375 0.4593750000000001 0.8453125 0.4593750000000002
2 0.4625 0.38125000000000003 0.3515625000000001 0.38125 0.3515625000000001 0.4078125 0.4625 0.4078125
3 0.8171875 0.3000000000000001 0.696875 0.3000000000000001 0.696875 0.3968750000000001 0.8171875 0.3968750000000001
3 0.45625 0.29375000000000007 0.36875 0.29375000000000007 0.36875 0.37187500000000007 0.45625 0.37187500000000007
0 0.9140625 0.2531250000000001 0.8015625 0.2531250000000001 0.8015625 0.2921875000000001 0.9140625 0.2921875000000001
0 0.6953125 0.2765625000000001 0.6125 0.2765625000000001 0.6125 0.3078125000000001 0.6953125 0.3078125000000001
0 0.3765625 0.28750000000000003 0.3171875 0.2875 0.3171875 0.30625 0.3765625 0.3062500000000001
0 0.5 0.29375000000000007 0.45 0.29375000000000007 0.45 0.3109375000000001 0.5 0.3109375000000001
0 0.91875 0.2500000000000001 0.60625 0.2500000000000001 0.60625 0.30937500000000007 0.91875 0.30937500000000007
1 0.9921875 0.1343750000000001 0.58125 0.13437500000000008 0.58125 0.5203125000000001 0.9921875 0.5203125000000002
0 0.5046875 0.28437500000000004 0.315625 0.284375 0.315625 0.30781250000000004 0.5046875 0.3078125000000001