2 0.340625 0.12031250000000004 0.309375 0.12031250000000004 0.309375 0.2015625 0.340625 0.2015625
2 0.3468750000000001 0.5953125 0.3000000000000001 0.5953125 0.3000000000000001 0.6453125 0.3468750000000001 0.6453125
3 0.2828125000000001 0.5921875 0.22656250000000008 0.5921875 0.22656250000000008 0.6375 0.2828125000000001 0.6375
3 0.29375 0.13281250000000006 0.246875 0.13281250000000006 0.246875 0.19218750000000004 0.29375 0.19218750000000004
0 0.2125 0.09062500000000002 0.178125 0.09062500000000002 0.178125 0.13281250000000003 0.2125 0.13281250000000006
0 0.2203125 0.18437500000000004 0.18906250000000005 0.18437500000000004 0.18906250000000005 0.225 0.2203125 0.225
0 0.2062500000000001 0.6375 0.1843750000000001 0.6375 0.1843750000000001 0.6765625 0.2062500000000001 0.6765625
0 0.2140625000000001 0.5765625 0.19531250000000008 0.5765625 0.19531250000000008 0.6015625 0.2140625000000001 0.6015625
0 0.221875 0.08750000000000002 0.1765625 0.08750000000000002 0.1765625 0.2265625 0.221875 0.2265625
0 0.2156250000000001 0.575 0.1828125000000001 0.575 0.1828125000000001 0.68125 0.2156250000000001 0.68125
1 0.39531250000000007 0.5703125 0.06718750000000007 0.5703125 0.06718750000000008 0.7171875 0.39531250000000007 0.7171875
1 0.403125 0.056250000000000036 0.109375 0.05625000000000002 0.10937500000000003 0.24218750000000006 0.403125 0.24218750000000008