2 0.409375 0.425 0.34843750000000007 0.425 0.34843750000000007 0.4703125 0.409375 0.4703125
2 0.7484375 0.4718750000000001 0.6765625 0.471875 0.6765625 0.5093750000000001 0.7484375 0.5093750000000001
3 0.415625 0.4828125 0.3656250000000001 0.4828125 0.3656250000000001 0.5671875 0.415625 0.5671875
3 0.728125 0.5281250000000001 0.675 0.528125 0.675 0.6125 0.728125 0.6125000000000002
0 0.459375 0.5359375 0.425 0.5359375 0.425 0.565625 0.459375 0.565625
0 0.3828125000000001 0.56875 0.34843750000000007 0.56875 0.34843750000000007 0.6 0.3828125000000001 0.6
0 0.765625 0.6187500000000001 0.715625 0.61875 0.715625 0.6500000000000001 0.765625 0.6500000000000001
0 0.675 0.596875 0.640625 0.596875 0.640625 0.621875 0.675 0.621875
0 0.4609375 0.534375 0.3437500000000001 0.534375 0.3437500000000001 0.6015625 0.4609375 0.6015625
0 0.76875 0.5953125000000001 0.6390625 0.5953125 0.6390625 0.6515625 0.76875 0.6515625000000002
1 0.8234375 0.4171875000000001 0.6328125 0.4171875 0.6328125000000001 0.7796875000000001 0.8234375 0.7796875000000002
1 0.46875 0.38281250000000006 0.3125000000000001 0.3828125 0.3125000000000001 0.6796875 0.46875 0.6796875