2 0.3703125000000001 0.81875 0.3296875000000001 0.81875 0.3296875000000001 0.9109375 0.3703125000000001 0.9109375
2 0.378125 0.24843750000000003 0.346875 0.2484375 0.346875 0.32031250000000006 0.378125 0.3203125000000001
3 0.3375 0.2546875 0.2640625 0.2546875 0.2640625 0.3046875 0.3375 0.3046875
3 0.30937500000000007 0.8265625 0.2218750000000001 0.8265625 0.2218750000000001 0.89375 0.30937500000000007 0.89375
0 0.21093750000000008 0.8859375 0.17187500000000008 0.8859375 0.1718750000000001 0.940625 0.21093750000000008 0.940625
0 0.2375000000000001 0.7828125 0.20468750000000008 0.7828125 0.20468750000000008 0.828125 0.2375000000000001 0.828125
0 0.2640625 0.29375 0.2421875 0.29375 0.2421875 0.3296875 0.2640625 0.3296875
0 0.2734375 0.23125 0.253125 0.23125 0.253125 0.25 0.2734375 0.25
0 0.2375000000000001 0.7796875 0.1687500000000001 0.7796875 0.16875000000000012 0.9421875 0.2375000000000001 0.9421875
0 0.2734375 0.2296875 0.240625 0.2296875 0.240625 0.3328125 0.2734375 0.3328125
1 0.428125 0.21250000000000005 0.15625000000000006 0.2125 0.15625000000000006 0.36250000000000004 0.428125 0.3625000000000001
1 0.43281250000000016 0.7734375 0.05468750000000009 0.7734375 0.0546875000000001 0.98125 0.43281250000000016 0.98125