2 0.33281250000000007 0.6421875 0.2484375000000001 0.6421875 0.2484375000000001 0.6796875 0.33281250000000007 0.6796875
2 0.734375 0.5156250000000001 0.65625 0.515625 0.65625 0.5468750000000001 0.734375 0.5468750000000002
3 0.3203125000000001 0.69375 0.2609375000000001 0.69375 0.2609375000000001 0.78125 0.3203125000000001 0.78125
3 0.728125 0.5640625000000001 0.6625 0.5640625 0.6625 0.64375 0.728125 0.6437500000000002
3 0.09375000000000007 0.5953125 0.07031250000000007 0.5953125 0.07031250000000007 0.6234375 0.09375000000000007 0.6234375
0 0.2750000000000001 0.784375 0.23593750000000008 0.784375 0.23593750000000008 0.8125 0.2750000000000001 0.8125
0 0.3687500000000001 0.7609375 0.3281250000000001 0.7609375 0.3281250000000001 0.7859375 0.3687500000000001 0.7859375
0 0.6671875 0.640625 0.6265625 0.640625 0.6265625 0.665625 0.6671875 0.665625
0 0.771875 0.6500000000000001 0.728125 0.6500000000000001 0.728125 0.6781250000000002 0.771875 0.6781250000000002
0 0.37187500000000007 0.7578125 0.23437500000000008 0.7578125 0.23437500000000008 0.8140625 0.37187500000000007 0.8140625
1 0.803125 0.4546875000000001 0.590625 0.4546875 0.5906250000000001 0.8203125 0.803125 0.8203125
1 0.3859375000000001 0.596875 0.2000000000000001 0.596875 0.2000000000000001 0.915625 0.3859375000000001 0.915625