2 0.3890625000000001 0.5609375 0.3578125000000001 0.5609375 0.3578125000000001 0.6046875 0.3890625000000001 0.6046875
2 0.38281250000000006 0.34375000000000006 0.3546875 0.34375 0.35468750000000004 0.39687500000000003 0.3828125000000001 0.3968750000000001
3 0.4515625 0.55625 0.3921875000000001 0.55625 0.3921875000000001 0.590625 0.4515625 0.590625
3 0.4546875 0.3546875000000001 0.3953125 0.3546875000000001 0.39531250000000007 0.3921875000000001 0.4546875 0.3921875000000001
0 0.4546875 0.5234375 0.4296875 0.5234375 0.4296875 0.5515625 0.4546875 0.5515625
0 0.4796875 0.5796875 0.4546875 0.5796875 0.4546875 0.6046875 0.4796875 0.6046875
0 0.4796875 0.3343750000000001 0.4546875 0.3343750000000001 0.4546875 0.36406250000000007 0.4796875 0.36406250000000007
0 0.46875 0.3921875000000001 0.446875 0.3921875000000001 0.446875 0.4203125 0.46875 0.4203125
0 0.48125 0.5234375 0.428125 0.5234375 0.428125 0.6078125 0.48125 0.6078125
0 0.4828125 0.33281250000000007 0.4453125 0.33281250000000007 0.4453125 0.4234375 0.4828125 0.4234375
1 0.5703125 0.31093750000000003 0.3203125 0.3109375 0.32031250000000006 0.4359375 0.5703125 0.4359375
1 0.546875 0.5140625 0.3156250000000001 0.5140625 0.3156250000000001 0.6375 0.546875 0.6375