2 0.521875 0.6296875 0.496875 0.6296875 0.496875 0.6921875 0.521875 0.6921875
2 0.509375 0.2609375000000001 0.4828125 0.2609375000000001 0.4828125 0.3156250000000001 0.509375 0.3156250000000001
3 0.4859375 0.6296875 0.4453125 0.6296875 0.4453125 0.6828125 0.4859375 0.6828125
3 0.4875 0.2812500000000001 0.4515625 0.2812500000000001 0.4515625 0.3218750000000001 0.4875 0.3218750000000001
0 0.4515625 0.5953125 0.4359375 0.5953125 0.4359375 0.6296875 0.4515625 0.6296875
0 0.4453125 0.671875 0.4296875 0.671875 0.4296875 0.7125 0.4453125 0.7125
0 0.446875 0.2828125000000001 0.4328125 0.2828125000000001 0.4328125 0.3078125000000001 0.446875 0.3078125000000001
0 0.471875 0.3375000000000001 0.45625 0.3375000000000001 0.45625 0.3656250000000001 0.471875 0.3656250000000001
0 0.4515625 0.59375 0.4296875 0.59375 0.4296875 0.715625 0.4515625 0.715625
0 0.471875 0.2796875000000001 0.43125 0.2796875000000001 0.43125 0.3671875000000001 0.471875 0.3671875000000001
1 0.5468750000000001 0.584375 0.3656250000000001 0.584375 0.3656250000000001 0.76875 0.5468750000000002 0.76875
1 0.5359375 0.23437500000000008 0.4015625 0.23437500000000008 0.4015625 0.3906250000000001 0.5359375 0.3906250000000001