2 0.5140625 0.4328125 0.4296875 0.4328125 0.4296875 0.4609375 0.5140625 0.4609375
3 0.496875 0.3828125000000001 0.4359375 0.3828125000000001 0.4359375 0.41875 0.496875 0.41875
3 0.8953125 0.2593750000000001 0.8671875 0.2593750000000001 0.8671875 0.2796875000000001 0.8953125 0.2796875000000001
0 0.4359375 0.3453125000000001 0.3890625 0.3453125000000001 0.3890625 0.3625000000000001 0.4359375 0.3625000000000001
0 0.55 0.34062500000000007 0.496875 0.34062500000000007 0.496875 0.3593750000000001 0.55 0.3593750000000001
0 0.5515625 0.3390625000000001 0.384375 0.3390625000000001 0.384375 0.3625000000000001 0.5515625 0.3625000000000001
0 0.865625 0.2531250000000001 0.8421875 0.2531250000000001 0.8421875 0.2640625000000001 0.865625 0.2640625000000001
1 0.6125 0.25625000000000003 0.359375 0.25625 0.35937500000000006 0.49375 0.6125 0.49375
1 0.896875 0.2375000000000001 0.821875 0.2375000000000001 0.821875 0.30937500000000007 0.896875 0.30937500000000007
0 0.89375 0.2531250000000001 0.8796875 0.2531250000000001 0.8796875 0.2609375000000001 0.89375 0.2609375000000001
2 0.896875 0.2812500000000001 0.8625 0.2812500000000001 0.8625 0.29375000000000007 0.896875 0.29375000000000007
0 0.89375 0.2531250000000001 0.840625 0.2531250000000001 0.840625 0.2640625000000001 0.89375 0.2640625000000001