2 0.27812500000000007 0.4234375 0.17656250000000004 0.4234375 0.17656250000000004 0.490625 0.27812500000000007 0.490625
2 0.61875 0.4828125 0.54375 0.4828125 0.54375 0.521875 0.61875 0.521875
3 0.6 0.3921875000000001 0.54375 0.3921875000000001 0.54375 0.4734375 0.6 0.4734375
3 0.275 0.2984375 0.2 0.2984375 0.20000000000000004 0.4046875 0.2750000000000001 0.4046875
0 0.2140625 0.2578125 0.14687500000000003 0.2578125 0.14687500000000003 0.2953125 0.2140625 0.2953125
0 0.5375 0.3812500000000001 0.4984375 0.3812500000000001 0.4984375 0.4125 0.5375 0.4125
0 0.3234375 0.290625 0.271875 0.290625 0.271875 0.3203125 0.3234375 0.3203125
0 0.609375 0.3578125000000001 0.5828125 0.3578125000000001 0.5828125 0.3859375000000001 0.609375 0.3859375000000001
0 0.6125 0.3546875000000001 0.4953125 0.3546875000000001 0.4953125 0.4140625 0.6125 0.4140625
0 0.325 0.25625 0.14687500000000003 0.25625 0.14687500000000003 0.325 0.325 0.325
1 0.33906250000000004 0.09218750000000002 0.08906250000000002 0.0921875 0.08906250000000004 0.55625 0.3390625000000001 0.55625
1 0.6703125 0.24375000000000008 0.4859375 0.24375000000000008 0.4859375 0.5875 0.6703125 0.5875