2 0.440625 0.6109375 0.3968750000000001 0.6109375 0.3968750000000001 0.64375 0.440625 0.64375
2 0.65625 0.6171875 0.603125 0.6171875 0.603125 0.6453125 0.65625 0.6453125
3 0.44375 0.5484375 0.409375 0.5484375 0.409375 0.6078125 0.44375 0.6078125
3 0.6453125 0.546875 0.6078125 0.546875 0.6078125 0.60625 0.6453125 0.60625
0 0.4765625 0.5453125 0.4484375 0.5453125 0.4484375 0.571875 0.4765625 0.571875
0 0.4203125 0.5203125 0.39531250000000007 0.5203125 0.39531250000000007 0.5453125 0.4203125 0.5453125
0 0.6671875 0.5203125 0.6375 0.5203125 0.6375 0.5453125 0.6671875 0.5453125
0 0.6078125 0.5328125 0.5796875 0.5328125 0.5796875 0.5546875 0.6078125 0.5546875
0 0.478125 0.51875 0.3921875000000001 0.51875 0.3921875000000001 0.571875 0.478125 0.571875
0 0.66875 0.51875 0.5765625 0.51875 0.5765625 0.5546875 0.66875 0.5546875
1 0.6890625 0.4296875 0.5640625 0.4296875 0.5640625 0.68125 0.6890625 0.68125
1 0.4859375 0.4546875 0.3625000000000001 0.4546875 0.3625000000000001 0.6859375 0.4859375 0.6859375