2 0.778125 0.5078125000000001 0.696875 0.5078125 0.696875 0.5484375000000001 0.778125 0.5484375000000001
2 0.16250000000000003 0.3328125 0.12343750000000005 0.3328125 0.12343750000000005 0.3625 0.16250000000000003 0.3625
3 0.7609375 0.5546875000000001 0.7046875 0.5546875 0.7046875 0.6359375 0.7609375 0.6359375000000002
3 0.17343750000000005 0.359375 0.13593750000000004 0.359375 0.13593750000000004 0.4078125 0.17343750000000005 0.4078125
3 0.3468750000000001 0.534375 0.32500000000000007 0.534375 0.32500000000000007 0.571875 0.3468750000000001 0.571875
0 0.7984375 0.6359375000000002 0.7546875 0.6359375000000002 0.7546875 0.6593750000000002 0.7984375 0.6593750000000002
0 0.7109375 0.6296875 0.6734375 0.6296875 0.6734375 0.65 0.7109375 0.65
0 0.15156250000000004 0.4140625 0.12812500000000004 0.4140625 0.12812500000000004 0.4328125 0.15156250000000004 0.4328125
0 0.20468750000000008 0.3875 0.17656250000000004 0.3875 0.17656250000000004 0.40625 0.20468750000000008 0.40625
0 0.3671875000000001 0.5546875 0.3515625000000001 0.5546875 0.3515625000000001 0.5703125 0.3671875000000001 0.5703125
0 0.33281250000000007 0.5671875 0.3187500000000001 0.5671875 0.3187500000000001 0.5796875 0.33281250000000007 0.5796875
0 0.8 0.628125 0.671875 0.628125 0.671875 0.6609375000000001 0.8 0.6609375000000002
0 0.5734375 0.59375 0.5640625 0.59375 0.5640625 0.60625 0.5734375 0.60625
1 0.8390625 0.4625000000000001 0.65625 0.4625 0.6562500000000001 0.7718750000000001 0.8390625 0.7718750000000002
1 0.22187500000000004 0.284375 0.10468750000000004 0.284375 0.10468750000000004 0.4515625 0.2218750000000001 0.4515625
1 0.3812500000000001 0.4875 0.30937500000000007 0.4875 0.30937500000000007 0.6125 0.3812500000000001 0.6125
1 0.575 0.509375 0.540625 0.509375 0.540625 0.634375 0.575 0.634375