2 0.5515625 0.2796875000000001 0.5265625 0.2796875000000001 0.5265625 0.3437500000000001 0.5515625 0.3437500000000001
2 0.5375 0.6203125 0.51875 0.6203125 0.51875 0.6671875 0.5375 0.6671875
3 0.6015625 0.2843750000000001 0.5578125 0.2843750000000001 0.5578125 0.3375000000000001 0.6015625 0.3375000000000001
3 0.5796875 0.634375 0.54375 0.634375 0.54375 0.6734375 0.5796875 0.6734375
0 0.609375 0.2500000000000001 0.5953125 0.2500000000000001 0.5953125 0.2875000000000001 0.609375 0.2875000000000001
0 0.59375 0.615625 0.58125 0.615625 0.58125 0.6453125 0.59375 0.6453125
0 0.5828125 0.678125 0.5703125 0.678125 0.5703125 0.7046875 0.5828125 0.7046875
0 0.6109375 0.33281250000000007 0.5953125 0.33281250000000007 0.5953125 0.3656250000000001 0.6109375 0.3656250000000001
0 0.6125 0.2468750000000001 0.5953125 0.2468750000000001 0.5953125 0.3687500000000001 0.6125 0.3687500000000001
0 0.5953125 0.6125 0.5703125 0.6125 0.5703125 0.70625 0.5953125 0.70625
1 0.66875 0.22812500000000008 0.496875 0.22812500000000008 0.496875 0.3812500000000001 0.66875 0.3812500000000001
1 0.63125 0.5765625 0.5 0.5765625 0.5 0.71875 0.63125 0.71875