2 0.3687500000000001 0.4640625 0.2843750000000001 0.4640625 0.2843750000000001 0.5046875 0.3687500000000001 0.5046875
2 0.6515625 0.2515625000000001 0.5640625 0.2515625000000001 0.5640625 0.2968750000000001 0.6515625 0.2968750000000001
3 0.37031250000000004 0.35000000000000003 0.303125 0.35 0.30312500000000003 0.45 0.3703125000000001 0.45
3 0.6234375 0.1828125000000001 0.559375 0.1828125000000001 0.559375 0.2406250000000001 0.6234375 0.2406250000000001
3 0.49375 0.07031250000000007 0.46875 0.07031250000000007 0.46875 0.11562500000000005 0.49375 0.11562500000000005
0 0.425 0.3390625000000001 0.378125 0.3390625000000001 0.37812500000000004 0.3781250000000001 0.425 0.3781250000000001
0 0.31875 0.3078125 0.2703125 0.3078125 0.2703125 0.3484375 0.31875 0.3484375
0 0.5609375 0.14062500000000006 0.5203125 0.14062500000000006 0.5203125 0.17031250000000006 0.5609375 0.1703125000000001
0 0.6609375 0.1062500000000001 0.6171875 0.1062500000000001 0.6171875 0.1359375000000001 0.6609375 0.1359375000000001
0 0.4265625 0.30468750000000006 0.26875 0.3046875 0.26875000000000004 0.37968750000000007 0.4265625 0.37968750000000007
0 0.4734375 0.06406250000000005 0.453125 0.06406250000000005 0.453125 0.07656250000000006 0.4734375 0.07656250000000006
0 0.6640625 0.10625000000000007 0.5171875 0.10625000000000004 0.5171875 0.17343750000000008 0.6640625 0.17343750000000008
1 0.73125 0.10312500000000006 0.5046875 0.10312500000000005 0.5046875 0.3687500000000001 0.73125 0.3687500000000001
1 0.440625 0.21562500000000004 0.234375 0.215625 0.23437500000000006 0.5609375 0.440625 0.5609375
1 0.4953125 0.017187500000000057 0.43125 0.017187500000000057 0.43125 0.18125000000000005 0.4953125 0.18125000000000005