1 0.8484375 0.6703125000000001 0.534375 0.6703125 0.534375 0.996875 0.8484375 0.996875
2 0.6234375000000002 0.765625 0.5750000000000002 0.765625 0.5750000000000002 0.86875 0.6234375000000002 0.86875
2 0.675 0.38750000000000007 0.640625 0.38750000000000007 0.640625 0.484375 0.675 0.484375
3 0.7578125 0.4093750000000001 0.6875 0.409375 0.6875 0.4921875000000001 0.7578125 0.49218750000000017
3 0.7156250000000002 0.7640625 0.6343750000000001 0.7640625 0.6343750000000001 0.8671875 0.7156250000000002 0.8671875
0 0.7421875000000002 0.85 0.7109375000000002 0.85 0.7109375000000002 0.946875 0.7421875000000002 0.946875
0 0.7140625 0.6890625 0.6890625 0.6890625 0.6890625000000001 0.7609375 0.7140625000000002 0.7609375
0 0.778125 0.3453125000000001 0.75625 0.3453125000000001 0.75625 0.41718750000000016 0.778125 0.41718750000000016
0 0.7625 0.5046875000000002 0.74375 0.5046875000000002 0.74375 0.5718750000000001 0.7625 0.5718750000000001
0 0.7437500000000001 0.6859375000000001 0.6875 0.6859375 0.6875000000000001 0.9484375 0.7437500000000001 0.9484375
0 0.7796875 0.3421875000000001 0.7421875 0.3421875000000001 0.7421875 0.5734375000000002 0.7796875 0.5734375000000002
1 0.8640625 0.2656250000000001 0.621875 0.2656250000000001 0.621875 0.6031250000000001 0.8640625 0.6031250000000001