2 0.5390625000000001 0.659375 0.4984375 0.659375 0.4984375000000001 0.7484375 0.5390625000000002 0.7484375
2 0.45 0.16875000000000004 0.409375 0.16875000000000004 0.409375 0.21250000000000008 0.45 0.21250000000000008
2 0.3375000000000001 0.39375 0.3156250000000001 0.39375 0.3156250000000001 0.425 0.3375000000000001 0.425
3 0.628125 0.671875 0.54375 0.671875 0.5437500000000001 0.7296875 0.6281250000000002 0.7296875
3 0.5328125 0.17968750000000006 0.4578125 0.17968750000000006 0.4578125 0.2312500000000001 0.5328125 0.2312500000000001
3 0.3812500000000001 0.4015625 0.3375000000000001 0.4015625 0.3375000000000001 0.428125 0.3812500000000001 0.428125
0 0.6515625 0.721875 0.6265625 0.721875 0.6265625000000001 0.7625 0.6515625000000002 0.7625
0 0.6453125 0.64375 0.6234375 0.64375 0.6234375 0.678125 0.6453125 0.678125
0 0.5515625 0.17187500000000006 0.5296875 0.17187500000000006 0.5296875 0.19843750000000007 0.5515625 0.1984375000000001
0 0.5296875 0.23437500000000008 0.5109375 0.23437500000000008 0.5109375 0.2750000000000001 0.5296875 0.2750000000000001
0 0.3921875000000001 0.3906250000000001 0.3765625000000001 0.3906250000000001 0.3765625000000001 0.4078125 0.3921875000000001 0.4078125
0 0.37968750000000007 0.428125 0.3671875000000001 0.428125 0.3671875000000001 0.4421875 0.37968750000000007 0.4421875
0 0.6546875000000001 0.6421875 0.6203125 0.6421875 0.6203125 0.7671875 0.6546875000000002 0.7671875
0 0.559375 0.5046875 0.54375 0.5046875 0.54375 0.521875 0.559375 0.521875
1 0.6265625 0.15000000000000008 0.3546875 0.15000000000000005 0.3546875 0.32500000000000007 0.6265625 0.32500000000000007
1 0.7703125000000001 0.6250000000000001 0.45 0.625 0.45000000000000007 0.8109375 0.7703125000000002 0.8109375
1 0.4125 0.36406250000000007 0.29375000000000007 0.3640625 0.29375000000000007 0.4484375 0.4125 0.4484375
1 0.5875 0.4765625 0.5109375 0.4765625 0.5109375 0.5265625 0.5875 0.5265625