2 0.675 0.2562500000000001 0.634375 0.2562500000000001 0.634375 0.3593750000000001 0.675 0.3593750000000001
2 0.8109375 0.6078125000000002 0.78125 0.6078125000000002 0.78125 0.6703125000000002 0.8109375 0.6703125000000002
3 0.896875 0.6234375000000002 0.81875 0.6234375000000002 0.81875 0.6703125000000002 0.896875 0.6703125000000002
3 0.79375 0.2718750000000001 0.690625 0.2718750000000001 0.690625 0.3437500000000001 0.79375 0.3437500000000001
0 0.828125 0.2078125000000001 0.7875 0.2078125000000001 0.7875 0.27031250000000007 0.828125 0.27031250000000007
0 0.8234375 0.33281250000000007 0.7875 0.33281250000000007 0.7875 0.3828125000000001 0.8234375 0.3828125000000001
0 0.90625 0.6765625000000002 0.884375 0.6765625000000002 0.884375 0.7109375000000002 0.90625 0.7109375000000002
0 0.91875 0.6125000000000002 0.896875 0.6125000000000002 0.896875 0.6343750000000001 0.91875 0.6343750000000001
0 0.83125 0.2062500000000001 0.784375 0.2062500000000001 0.784375 0.38750000000000007 0.83125 0.38750000000000007
0 0.9203125 0.6078125000000002 0.8828125 0.6078125000000002 0.8828125 0.7125000000000001 0.9203125 0.7125000000000001
1 1 0.5734375000000002 0.7265625 0.5734375000000002 0.7265625000000001 0.7359375000000001 1 0.7359375000000001
1 0.9734375 0.1750000000000001 0.5734375 0.1750000000000001 0.5734375 0.4125000000000001 0.9734375 0.4125000000000002