2 0.53125 0.2375000000000001 0.496875 0.2375000000000001 0.496875 0.3156250000000001 0.53125 0.3156250000000001
2 0.440625 0.4625 0.40625 0.4625 0.40625 0.53125 0.440625 0.53125
3 0.6265625 0.2500000000000001 0.546875 0.2500000000000001 0.546875 0.3062500000000001 0.6265625 0.3062500000000001
3 0.5359375 0.46875 0.453125 0.46875 0.453125 0.521875 0.5359375 0.521875
0 0.6515625 0.2062500000000001 0.6234375 0.2062500000000001 0.6234375 0.2531250000000001 0.6515625 0.2531250000000001
0 0.6484375 0.3046875000000001 0.6203125 0.3046875000000001 0.6203125 0.3468750000000001 0.6484375 0.3468750000000001
0 0.546875 0.51875 0.525 0.51875 0.525 0.5515625 0.546875 0.5515625
0 0.546875 0.440625 0.525 0.440625 0.525 0.471875 0.546875 0.471875
0 0.6546875 0.20312500000000008 0.61875 0.20312500000000008 0.61875 0.34843750000000007 0.6546875 0.34843750000000007
0 0.55 0.4390625 0.525 0.4390625 0.525 0.553125 0.55 0.553125
1 0.765625 0.18593750000000006 0.446875 0.18593750000000003 0.446875 0.3625000000000001 0.765625 0.3625000000000001
1 0.678125 0.4171875 0.3625000000000001 0.4171875 0.3625000000000001 0.5796875 0.678125 0.5796875