2 0.609375 0.5828125 0.565625 0.5828125 0.565625 0.6171875 0.609375 0.6171875
2 0.58125 0.2656250000000001 0.528125 0.2656250000000001 0.528125 0.3390625000000001 0.58125 0.3390625000000001
3 0.6515625 0.5609375 0.6 0.5609375 0.6 0.5984375 0.6515625 0.5984375
3 0.671875 0.2750000000000001 0.596875 0.2750000000000001 0.596875 0.3296875000000001 0.671875 0.3296875000000001
0 0.7015625 0.2296875000000001 0.671875 0.2296875000000001 0.671875 0.2750000000000001 0.7015625 0.2750000000000001
0 0.6953125 0.3234375000000001 0.6703125 0.3234375000000001 0.6703125 0.3609375000000001 0.6953125 0.3609375000000001
0 0.6515625 0.51875 0.625 0.51875 0.625 0.546875 0.6515625 0.546875
0 0.7046875 0.5703125 0.6734375 0.5703125 0.6734375 0.5921875 0.7046875 0.5921875
0 0.7046875 0.22812500000000008 0.6671875 0.22812500000000008 0.6671875 0.3625000000000001 0.7046875 0.3625000000000001
0 0.70625 0.515625 0.621875 0.515625 0.621875 0.59375 0.70625 0.59375
1 0.7421875 0.4953125000000001 0.51875 0.4953125 0.51875 0.628125 0.7421875 0.6281250000000002
1 0.8234375 0.19218750000000007 0.4796875 0.19218750000000004 0.4796875 0.3812500000000001 0.8234375 0.3812500000000001