2 0.7125 0.48125 0.6375 0.48125 0.6375 0.5125 0.7125 0.5125
2 0.3750000000000001 0.546875 0.3187500000000001 0.546875 0.3187500000000001 0.58125 0.3750000000000001 0.58125
3 0.7 0.5265625 0.64375 0.5265625 0.64375 0.6078125 0.7 0.6078125
3 0.3593750000000001 0.5859375 0.3187500000000001 0.5859375 0.3187500000000001 0.6453125 0.3593750000000001 0.6453125
0 0.7359375 0.6015625000000001 0.696875 0.6015625 0.696875 0.6312500000000001 0.7359375 0.6312500000000002
0 0.6484375 0.6046875 0.609375 0.6046875 0.609375 0.6328125 0.6484375 0.6328125
0 0.3031250000000001 0.6296875 0.27031250000000007 0.6296875 0.27031250000000007 0.6515625 0.3031250000000001 0.6515625
0 0.3593750000000001 0.6546875 0.3390625000000001 0.6546875 0.3390625000000001 0.6765625 0.3593750000000001 0.6765625
0 0.7375 0.6000000000000001 0.60625 0.6 0.60625 0.6343750000000001 0.7375 0.6343750000000001
0 0.3609375000000001 0.628125 0.2687500000000001 0.628125 0.2687500000000001 0.678125 0.3609375000000001 0.678125
1 0.3937500000000001 0.4984375 0.2468750000000001 0.4984375 0.2468750000000001 0.7453125 0.3937500000000001 0.7453125
1 0.7812500000000001 0.4250000000000001 0.59375 0.425 0.5937500000000001 0.7281250000000001 0.7812500000000002 0.7281250000000001
1 0.43125 0.5578125 0.3937500000000001 0.5578125 0.3937500000000001 0.665625 0.43125 0.665625