2 0.5796875 0.2156250000000001 0.546875 0.2156250000000001 0.546875 0.2968750000000001 0.5796875 0.2968750000000001
2 0.6265625000000001 0.7078125 0.5921875 0.7078125 0.5921875000000001 0.784375 0.6265625000000001 0.784375
3 0.6921875 0.2218750000000001 0.6015625 0.2218750000000001 0.6015625 0.2843750000000001 0.6921875 0.2843750000000001
3 0.7156250000000001 0.7234375 0.64375 0.7234375 0.64375 0.778125 0.7156250000000002 0.778125
3 0.7171875 0.5703125 0.6875 0.5703125 0.6875 0.5859375 0.7171875 0.5859375
0 0.7171875 0.27812500000000007 0.6859375 0.27812500000000007 0.6859375 0.3265625000000001 0.7171875 0.3265625000000001
0 0.715625 0.17343750000000008 0.684375 0.17343750000000008 0.684375 0.2218750000000001 0.715625 0.2218750000000001
0 0.7421875000000002 0.7890625000000001 0.7187500000000002 0.7890625 0.7187500000000002 0.8375 0.7421875000000002 0.8375
0 0.7453125 0.7093750000000001 0.7234375 0.709375 0.7234375000000001 0.7359375000000001 0.7453125000000002 0.7359375000000001
0 0.7203125 0.1703125000000001 0.6828125 0.1703125000000001 0.6828125 0.3296875000000001 0.7203125 0.3296875000000001
0 0.7484375000000001 0.70625 0.7171875 0.70625 0.7171875000000001 0.8390625 0.7484375000000002 0.8390625
1 0.8140625 0.15781250000000008 0.4921875 0.15781250000000005 0.4921875 0.3625000000000001 0.8140625 0.3625000000000001
1 0.8625 0.6796875000000001 0.528125 0.6796875 0.5281250000000001 0.8828125 0.8625 0.8828125
1 0.765625 0.5718750000000001 0.6375 0.571875 0.6375 0.6296875000000001 0.765625 0.6296875000000002