2 0.34062500000000007 0.4984375 0.2515625000000001 0.4984375 0.2515625000000001 0.5390625 0.34062500000000007 0.5390625
2 0.83125 0.40937500000000016 0.7875 0.40937500000000016 0.7875 0.4500000000000002 0.83125 0.4500000000000002
2 0.6078125 0.3156250000000001 0.5765625 0.3156250000000001 0.5765625 0.3375000000000001 0.6078125 0.3375000000000001
3 0.3296875000000001 0.54375 0.2718750000000001 0.54375 0.2718750000000001 0.628125 0.3296875000000001 0.628125
3 0.821875 0.4578125000000002 0.7703125 0.4578125000000002 0.7703125 0.5328125000000001 0.821875 0.5328125000000001
3 0.6 0.3375000000000001 0.5734375 0.3375000000000001 0.5734375 0.3812500000000001 0.6 0.3812500000000001
0 0.27812500000000007 0.6265625 0.2375000000000001 0.6265625 0.2375000000000001 0.6515625 0.27812500000000007 0.6515625
0 0.35625000000000007 0.6234375 0.3218750000000001 0.6234375 0.3218750000000001 0.6453125 0.35625000000000007 0.6453125
0 0.8296875 0.5296875000000002 0.803125 0.5296875000000002 0.803125 0.5515625000000002 0.8296875 0.5515625000000002
0 0.7671875 0.5109375000000002 0.7265625 0.5109375000000002 0.7265625 0.5296875000000002 0.7671875 0.5296875000000002
0 0.609375 0.3765625000000001 0.5921875 0.3765625000000001 0.5921875 0.3921875000000001 0.609375 0.3921875000000001
0 0.571875 0.3671875000000001 0.5578125 0.3671875000000001 0.5578125 0.37968750000000007 0.571875 0.37968750000000007
0 0.3593750000000001 0.6203125 0.23437500000000008 0.6203125 0.23437500000000008 0.6546875 0.3593750000000001 0.6546875
0 0.4953125 0.54375 0.478125 0.54375 0.478125 0.559375 0.4953125 0.559375
1 0.85 0.3546875000000001 0.675 0.3546875000000001 0.675 0.6265625000000001 0.85 0.6265625000000001
1 0.3750000000000001 0.45 0.18906250000000005 0.45 0.18906250000000008 0.7703125 0.3750000000000001 0.7703125
1 0.6359375 0.29375000000000007 0.5515625 0.29375000000000007 0.5515625 0.4125 0.6359375 0.4125
1 0.5234375 0.5109375 0.4734375 0.5109375 0.4734375 0.5875 0.5234375 0.5875