2 0.5859375 0.2609375000000001 0.55 0.2609375000000001 0.55 0.31718750000000007 0.5859375 0.31718750000000007
2 0.4046875 0.646875 0.3828125000000001 0.646875 0.3828125000000001 0.703125 0.4046875 0.703125
3 0.5375 0.2640625000000001 0.4578125 0.2640625000000001 0.4578125 0.3203125000000001 0.5375 0.3203125000000001
3 0.3734375000000001 0.6609375 0.3234375000000001 0.6609375 0.3234375000000001 0.7 0.3734375000000001 0.7
0 0.465625 0.2218750000000001 0.440625 0.2218750000000001 0.440625 0.26250000000000007 0.465625 0.26250000000000007
0 0.3218750000000001 0.6328125 0.3062500000000001 0.6328125 0.3062500000000001 0.6625 0.3218750000000001 0.6625
0 0.3234375000000001 0.6953125 0.3078125000000001 0.6953125 0.3078125000000001 0.71875 0.3234375000000001 0.71875
0 0.465625 0.3062500000000001 0.4484375 0.3062500000000001 0.4484375 0.35625000000000007 0.465625 0.35625000000000007
0 0.3234375000000001 0.6296875 0.3031250000000001 0.6296875 0.3031250000000001 0.7203125 0.3234375000000001 0.7203125
0 0.478125 0.3078125000000001 0.446875 0.3078125000000001 0.446875 0.36406250000000007 0.478125 0.36406250000000007
1 0.45000000000000007 0.603125 0.23437500000000008 0.603125 0.23437500000000008 0.73125 0.4500000000000002 0.73125
1 0.6375 0.2000000000000001 0.396875 0.2000000000000001 0.39687500000000003 0.36406250000000007 0.6375 0.36406250000000007