2 0.3218750000000001 0.4359375 0.2234375000000001 0.4359375 0.2234375000000001 0.4703125 0.3218750000000001 0.4703125
2 0.7890625 0.3656250000000001 0.678125 0.3656250000000001 0.678125 0.4125000000000001 0.7890625 0.4125000000000002
3 0.7609375 0.2296875000000001 0.6796875 0.2296875000000001 0.6796875 0.3437500000000001 0.7609375 0.3437500000000001
3 0.3140625 0.296875 0.234375 0.296875 0.23437500000000006 0.409375 0.3140625000000001 0.409375
0 0.8265625 0.18750000000000008 0.7609375 0.18750000000000008 0.7609375 0.2250000000000001 0.8265625 0.2250000000000001
0 0.2375 0.2609375 0.17187500000000006 0.2609375 0.17187500000000006 0.303125 0.2375 0.303125
0 0.365625 0.2671875 0.309375 0.2671875 0.309375 0.31093750000000003 0.365625 0.3109375000000001
0 0.6875 0.2140625000000001 0.628125 0.2140625000000001 0.628125 0.2500000000000001 0.6875 0.2500000000000001
0 0.36875 0.25781250000000006 0.16875000000000004 0.2578125 0.16875000000000004 0.31093750000000003 0.36875 0.3109375000000001
0 0.828125 0.1859375000000001 0.6265625 0.1859375000000001 0.6265625 0.2500000000000001 0.828125 0.2500000000000001
1 0.89375 0.03281250000000009 0.609375 0.03281250000000008 0.609375 0.4953125000000001 0.89375 0.49531250000000016
1 0.38906250000000003 0.08906250000000003 0.140625 0.08906250000000002 0.14062500000000006 0.5484375 0.3890625000000001 0.5484375