2 0.546875 0.37187500000000007 0.490625 0.37187500000000007 0.490625 0.4625 0.546875 0.4625
2 0.8046875 0.6671875000000002 0.7640625 0.6671875000000002 0.7640625 0.7250000000000002 0.8046875 0.7250000000000002
3 0.6671875 0.37968750000000007 0.5703125 0.37968750000000007 0.5703125 0.45 0.6671875 0.45
3 0.890625 0.6656250000000001 0.8171875 0.6656250000000001 0.8171875 0.7156250000000002 0.890625 0.7156250000000002
3 0.6203125 0.3859375000000001 0.571875 0.3859375000000001 0.571875 0.4484375 0.6203125 0.4484375
0 0.684375 0.33281250000000007 0.65 0.33281250000000007 0.65 0.3828125000000001 0.684375 0.3828125000000001
0 0.6828125 0.440625 0.6515625 0.440625 0.6515625 0.484375 0.6828125 0.484375
0 0.91875 0.7031250000000002 0.8953125 0.7031250000000002 0.8953125 0.7343750000000002 0.91875 0.7343750000000002
0 0.896875 0.6343750000000001 0.871875 0.6343750000000001 0.871875 0.6656250000000001 0.896875 0.6656250000000001
0 0.6890625 0.3296875000000001 0.6484375 0.3296875000000001 0.6484375 0.4875 0.6890625 0.4875
0 0.9203125 0.6234375000000002 0.8640625 0.6234375000000002 0.8640625 0.7359375000000001 0.9203125 0.7359375000000001
1 0.71875 0.2906250000000001 0.4515625 0.2906250000000001 0.4515625 0.509375 0.71875 0.509375
1 0.9609375 0.5953125000000001 0.7171875 0.5953125 0.7171875000000001 0.753125 0.9609375 0.7531250000000002