2 0.646875 0.584375 0.578125 0.584375 0.578125 0.61875 0.646875 0.61875
2 0.3625000000000001 0.50625 0.2687500000000001 0.50625 0.2687500000000001 0.5421875 0.3625000000000001 0.5421875
3 0.6359375 0.5421875 0.5765625 0.5421875 0.5765625 0.575 0.6359375 0.575
3 0.3593750000000001 0.4515625 0.2968750000000001 0.4515625 0.2968750000000001 0.5078125 0.3593750000000001 0.5078125
0 0.3109375000000001 0.4375 0.2531250000000001 0.4375 0.2531250000000001 0.4578125 0.3109375000000001 0.4578125
0 0.5828125 0.51875 0.534375 0.51875 0.534375 0.5328125 0.5828125 0.5328125
0 0.40625 0.45 0.3609375000000001 0.45 0.3609375000000001 0.465625 0.40625 0.465625
0 0.68125 0.515625 0.6296875 0.515625 0.6296875 0.528125 0.68125 0.528125
0 0.4109375 0.4359375 0.2515625000000001 0.4359375 0.2515625000000001 0.465625 0.4109375 0.465625
0 0.6828125 0.5140625 0.53125 0.5140625 0.53125 0.534375 0.6828125 0.534375
0 0.4125 0.44375 0.35625000000000007 0.44375 0.35625000000000007 0.46875 0.4125 0.46875
0 0.5875 0.5125 0.528125 0.5125 0.528125 0.5390625 0.5875 0.5390625
1 0.43125 0.35468750000000004 0.19375000000000003 0.3546875 0.19375000000000006 0.5546875 0.43125 0.5546875
1 0.734375 0.4312500000000001 0.5140625 0.43125 0.5140625 0.6578125000000001 0.734375 0.6578125000000001