2 0.48906250000000007 0.709375 0.4515625 0.709375 0.4515625000000001 0.790625 0.4890625000000002 0.790625
2 0.446875 0.515625 0.41875 0.515625 0.41875 0.5515625 0.446875 0.5515625
3 0.41875 0.509375 0.3656250000000001 0.509375 0.3656250000000001 0.540625 0.41875 0.540625
3 0.44218750000000007 0.7109375 0.3546875000000001 0.7109375 0.3546875000000001 0.76875 0.4421875000000002 0.76875
0 0.34843750000000007 0.7546875 0.3140625000000001 0.7546875 0.3140625000000001 0.803125 0.34843750000000007 0.803125
0 0.3843750000000001 0.6609375 0.3546875000000001 0.6609375 0.3546875000000001 0.7046875 0.3843750000000001 0.7046875
0 0.3671875000000001 0.5328125 0.34843750000000007 0.5328125 0.34843750000000007 0.5578125 0.3671875000000001 0.5578125
0 0.3859375000000001 0.659375 0.3109375000000001 0.659375 0.3109375000000001 0.8046875 0.3859375000000001 0.8046875
0 0.3890625000000001 0.490625 0.3734375000000001 0.490625 0.3734375000000001 0.509375 0.3890625000000001 0.509375
0 0.3906250000000001 0.490625 0.3468750000000001 0.490625 0.3468750000000001 0.559375 0.3906250000000001 0.559375
1 0.5531250000000001 0.6421875 0.1843750000000001 0.6421875 0.1843750000000001 0.8515625 0.5531250000000002 0.8515625
1 0.4796875 0.48125 0.2968750000000001 0.48125 0.2968750000000001 0.596875 0.4796875 0.596875