2 0.86875 0.7625000000000002 0.8296875 0.7625000000000002 0.8296875 0.7750000000000001 0.86875 0.7750000000000001
2 0.396875 0.31250000000000006 0.3546875 0.3125 0.3546875 0.32500000000000007 0.396875 0.32500000000000007
2 0.8734375 0.3078125000000001 0.83125 0.3078125000000001 0.83125 0.3203125000000001 0.8734375 0.3203125000000001
2 0.2078125 0.3203125 0.17031250000000003 0.3203125 0.17031250000000003 0.3328125 0.2078125 0.3328125
2 0.6921875 0.3109375000000001 0.6515625 0.3109375000000001 0.6515625 0.3234375000000001 0.6921875 0.3234375000000001
2 0.2218750000000001 0.7703125 0.17968750000000008 0.7703125 0.17968750000000008 0.784375 0.2218750000000001 0.784375
2 0.37187500000000007 0.771875 0.3359375000000001 0.771875 0.3359375000000001 0.784375 0.37187500000000007 0.784375
2 0.6671875000000002 0.740625 0.6343750000000001 0.740625 0.6343750000000001 0.759375 0.6671875000000002 0.759375
3 0.2046875 0.2859375 0.17500000000000004 0.2859375 0.17500000000000004 0.315625 0.2046875 0.315625
3 0.2218750000000001 0.7390625 0.1906250000000001 0.7390625 0.1906250000000001 0.7671875 0.2218750000000001 0.7671875
3 0.6859375 0.2765625000000001 0.65625 0.2765625000000001 0.65625 0.3062500000000001 0.6859375 0.3062500000000001
3 0.384375 0.28437500000000004 0.3546875 0.284375 0.3546875 0.30937500000000007 0.384375 0.30937500000000007
3 0.6640625000000001 0.7125 0.6375 0.7125 0.6375000000000001 0.7375 0.6640625000000002 0.7375
3 0.8625 0.2828125000000001 0.8328125 0.2828125000000001 0.8328125 0.3062500000000001 0.8625 0.3062500000000001
3 0.3671875000000001 0.74375 0.3390625000000001 0.74375 0.3390625000000001 0.76875 0.3671875000000001 0.76875
3 0.8640625 0.7375000000000002 0.8359375 0.7375000000000002 0.8359375 0.7593750000000001 0.8640625 0.7593750000000001
0 0.3515625 0.284375 0.328125 0.284375 0.328125 0.29375 0.3515625 0.29375
0 0.884375 0.7296875000000002 0.8625 0.7296875000000002 0.8625 0.7390625000000002 0.884375 0.7390625000000002
0 0.834375 0.7328125000000002 0.8125 0.7328125000000002 0.8125 0.7421875000000002 0.834375 0.7421875000000002
0 0.19531250000000008 0.7296875 0.17187500000000008 0.7296875 0.17187500000000008 0.740625 0.19531250000000008 0.740625
0 0.34062500000000007 0.7390625 0.3203125000000001 0.7390625 0.3203125000000001 0.746875 0.34062500000000007 0.746875
0 0.8296875 0.2828125000000001 0.8078125 0.2828125000000001 0.8078125 0.2921875000000001 0.8296875 0.2921875000000001
0 0.17343750000000005 0.2828125 0.15156250000000004 0.2828125 0.15156250000000004 0.290625 0.17343750000000005 0.290625
0 0.228125 0.2828125 0.2046875 0.2828125 0.2046875 0.2921875 0.228125 0.2921875
0 0.653125 0.2750000000000001 0.6296875 0.2750000000000001 0.6296875 0.2843750000000001 0.653125 0.2843750000000001
0 0.70625 0.2750000000000001 0.684375 0.2750000000000001 0.684375 0.2843750000000001 0.70625 0.2843750000000001
0 0.4 0.2750000000000001 0.3765625 0.2750000000000001 0.3765625 0.28593750000000007 0.4 0.28593750000000007
0 0.3890625000000001 0.740625 0.3687500000000001 0.740625 0.3687500000000001 0.75 0.3890625000000001 0.75
0 0.875 0.2750000000000001 0.85625 0.2750000000000001 0.85625 0.2843750000000001 0.875 0.2843750000000001
0 0.2515625000000001 0.7375 0.22656250000000008 0.7375 0.22656250000000008 0.746875 0.2515625000000001 0.746875
0 0.634375 0.7109375 0.609375 0.7109375 0.609375 0.71875 0.634375 0.71875
0 0.6859375 0.709375 0.6640625 0.709375 0.6640625 0.7171875 0.6859375 0.7171875
0 0.23125 0.2796875 0.14843750000000006 0.2796875 0.14843750000000006 0.29375 0.23125 0.29375
0 0.2531250000000001 0.7296875 0.1703125000000001 0.7296875 0.1703125000000001 0.746875 0.2531250000000001 0.746875
0 0.3906250000000001 0.7390625 0.3203125000000001 0.7390625 0.3203125000000001 0.7515625 0.3906250000000001 0.7515625
0 0.7109375 0.2734375000000001 0.628125 0.2734375000000001 0.628125 0.28593750000000007 0.7109375 0.28593750000000007
0 0.884375 0.7296875000000002 0.8109375 0.7296875000000002 0.8109375 0.7421875000000002 0.884375 0.7421875000000002
0 0.6859375 0.7078125 0.6078125 0.7078125 0.6078125 0.71875 0.6859375 0.71875
1 0.2390625 0.2375 0.12187500000000004 0.2375 0.12187500000000004 0.3421875 0.2390625 0.3421875
1 0.4140625 0.25000000000000006 0.31875 0.25 0.31875 0.33906250000000004 0.4140625 0.3390625000000001
1 0.7203125 0.2296875000000001 0.6046875 0.2296875000000001 0.6046875 0.3375000000000001 0.7203125 0.3375000000000001
1 0.89375 0.2484375000000001 0.796875 0.2484375000000001 0.796875 0.3359375000000001 0.89375 0.3359375000000001
1 0.7046875000000001 0.66875 0.5875 0.66875 0.5875000000000001 0.7734375 0.7046875000000001 0.7734375
1 0.26250000000000007 0.690625 0.1453125000000001 0.690625 0.1453125000000001 0.7953125 0.26250000000000007 0.7953125
1 0.896875 0.7015625000000002 0.8 0.7015625000000002 0.8 0.7890625000000002 0.896875 0.7890625000000002
1 0.39531250000000007 0.7078125 0.3125000000000001 0.7078125 0.3125000000000001 0.7984375 0.39531250000000007 0.7984375
0 0.403125 0.27343750000000006 0.3296875 0.2734375 0.3296875 0.29531250000000003 0.403125 0.2953125000000001
0 0.8828125 0.2734375000000001 0.8078125 0.2734375000000001 0.8078125 0.29375000000000007 0.8828125 0.29375000000000007