2 0.7671875 0.3687500000000001 0.6921875 0.3687500000000001 0.6921875 0.4125000000000001 0.7671875 0.4125000000000002
2 0.4109375 0.2875000000000001 0.371875 0.2875000000000001 0.371875 0.31718750000000007 0.4109375 0.31718750000000007
3 0.7625 0.2656250000000001 0.7015625 0.2656250000000001 0.7015625 0.3531250000000001 0.7625 0.3531250000000001
3 0.4078125 0.2375000000000001 0.3734375 0.2375000000000001 0.3734375 0.2812500000000001 0.4078125 0.2812500000000001
0 0.8171875 0.2328125000000001 0.765625 0.2328125000000001 0.765625 0.2671875000000001 0.8171875 0.2671875000000001
0 0.4328125 0.22656250000000008 0.4046875 0.22656250000000008 0.4046875 0.24375000000000008 0.4328125 0.24375000000000008
0 0.7140625 0.25468750000000007 0.66875 0.25468750000000007 0.66875 0.2750000000000001 0.7140625 0.2750000000000001
0 0.378125 0.22656250000000006 0.353125 0.2265625 0.353125 0.24218750000000006 0.378125 0.24218750000000008
0 0.8203125 0.2312500000000001 0.6671875 0.2312500000000001 0.6671875 0.2765625000000001 0.8203125 0.2765625000000001
0 0.434375 0.22343750000000004 0.353125 0.2234375 0.353125 0.24375000000000005 0.434375 0.24375000000000008
1 0.83125 0.11875000000000009 0.65625 0.11875000000000009 0.65625 0.4703125000000001 0.83125 0.4703125000000002
1 0.4546875 0.15937500000000004 0.340625 0.15937500000000004 0.340625 0.35625000000000007 0.4546875 0.35625000000000007