2 0.9234375 0.3234375000000001 0.834375 0.3234375000000001 0.834375 0.3593750000000001 0.9234375 0.3593750000000001
2 0.2625 0.265625 0.2046875 0.265625 0.2046875 0.3 0.2625 0.3
3 0.909375 0.2218750000000001 0.8453125 0.2218750000000001 0.8453125 0.3062500000000001 0.909375 0.3062500000000001
3 0.2640625 0.17968750000000006 0.2171875 0.17968750000000006 0.2171875 0.2515625 0.2640625 0.2515625
0 0.8484375 0.2078125000000001 0.8015625 0.2078125000000001 0.8015625 0.2390625000000001 0.8484375 0.2390625000000001
0 0.9515625 0.1796875000000001 0.903125 0.17968750000000008 0.903125 0.2156250000000001 0.9515625 0.2156250000000001
0 0.228125 0.14531250000000004 0.1890625 0.14531250000000004 0.1890625 0.17343750000000005 0.228125 0.17343750000000005
0 0.3 0.17812500000000003 0.26875 0.17812500000000003 0.26875 0.203125 0.3 0.203125
0 0.95625 0.1750000000000001 0.8 0.1750000000000001 0.8 0.2406250000000001 0.95625 0.2406250000000001
0 0.3046875 0.14375000000000004 0.1890625 0.14375000000000004 0.18906250000000002 0.2046875 0.3046875 0.2046875
1 0.321875 0.07968750000000004 0.1546875 0.07968750000000002 0.15468750000000003 0.3421875 0.321875 0.3421875
1 0.98125 0.0656250000000001 0.7875 0.06562500000000009 0.7875 0.41718750000000016 0.98125 0.41718750000000016