2 0.3203125 0.09843750000000004 0.2796875 0.09843750000000004 0.2796875 0.18906250000000005 0.3203125 0.18906250000000005
2 0.27031250000000007 0.671875 0.2453125000000001 0.671875 0.2453125000000001 0.75 0.27031250000000007 0.75
3 0.2296875000000001 0.684375 0.1546875000000001 0.684375 0.1546875000000001 0.7375 0.2296875000000001 0.7375
3 0.25625 0.10937500000000003 0.1625 0.109375 0.1625 0.17343750000000002 0.25625 0.17343750000000005
0 0.1609375 0.05468750000000002 0.1234375 0.05468750000000002 0.1234375 0.1109375 0.1609375 0.1109375
0 0.1765625 0.1703125 0.1453125 0.1703125 0.1453125 0.2140625 0.17656250000000004 0.2140625
0 0.1703125000000001 0.646875 0.1468750000000001 0.646875 0.1468750000000001 0.684375 0.1703125000000001 0.684375
0 0.1531250000000001 0.73125 0.1312500000000001 0.73125 0.1312500000000001 0.7546875 0.1531250000000001 0.7546875
0 0.1765625 0.051562500000000025 0.121875 0.051562500000000025 0.12187500000000002 0.215625 0.17656250000000004 0.215625
0 0.17343750000000008 0.6421875 0.1281250000000001 0.6421875 0.1281250000000001 0.7640625 0.17343750000000008 0.7640625
1 0.32500000000000007 0.6234375 0.04375000000000008 0.6234375 0.04375000000000009 0.7921875 0.32500000000000007 0.7921875
1 0.3828125 0.02031250000000002 0.007812500000000003 0.0203125 0.007812500000000016 0.23750000000000004 0.3828125 0.2375000000000001