2 0.5750000000000002 0.771875 0.5468750000000002 0.771875 0.5468750000000002 0.84375 0.5750000000000002 0.84375
2 0.45 0.4125 0.409375 0.4125 0.409375 0.453125 0.45 0.453125
2 0.4109375 0.6015625 0.3890625000000001 0.6015625 0.3890625000000001 0.6515625 0.4109375 0.6515625
3 0.5296875000000002 0.7734375 0.46093750000000017 0.7734375 0.46093750000000017 0.8265625 0.5296875000000002 0.8265625
3 0.3812500000000001 0.6078125 0.3375000000000001 0.6078125 0.3375000000000001 0.640625 0.3812500000000001 0.640625
3 0.4 0.421875 0.35625000000000007 0.421875 0.35625000000000007 0.45 0.4 0.45
0 0.4625000000000002 0.7328125 0.44062500000000016 0.7328125 0.44062500000000016 0.76875 0.4625000000000002 0.76875
0 0.3593750000000001 0.45 0.3437500000000001 0.45 0.3437500000000001 0.471875 0.3593750000000001 0.471875
0 0.3421875000000001 0.58125 0.3265625000000001 0.58125 0.3265625000000001 0.609375 0.3421875000000001 0.609375
0 0.35625000000000007 0.403125 0.3421875000000001 0.403125 0.3421875000000001 0.421875 0.35625000000000007 0.421875
0 0.45312500000000017 0.815625 0.4281250000000002 0.815625 0.4281250000000002 0.853125 0.45312500000000017 0.853125
0 0.3359375000000001 0.6390625 0.3234375000000001 0.6390625 0.3234375000000001 0.665625 0.3359375000000001 0.665625
0 0.46406250000000016 0.73125 0.42500000000000016 0.73125 0.42500000000000016 0.85625 0.46406250000000016 0.85625
0 0.3421875000000001 0.5796875 0.3203125000000001 0.5796875 0.3203125000000001 0.665625 0.3421875000000001 0.665625
0 0.3593750000000001 0.4015625 0.34062500000000007 0.4015625 0.34062500000000007 0.4734375 0.3593750000000001 0.4734375
1 0.478125 0.3609375 0.3234375 0.3609375 0.32343750000000004 0.4859375 0.478125 0.4859375
1 0.6234375000000001 0.725 0.3421875000000001 0.725 0.3421875000000001 0.9078125 0.6234375000000002 0.9078125
1 0.4546875 0.5625 0.3062500000000001 0.5625 0.3062500000000001 0.6875 0.4546875 0.6875