1 0.2328125000000001 0.753125 0.06406250000000009 0.753125 0.0640625000000001 1 0.2328125000000001 1
2 0.78125 0.5984375000000001 0.7125 0.5984375 0.7125 0.6484375000000001 0.78125 0.6484375000000002
2 0.2078125000000001 0.8046875 0.16406250000000008 0.8046875 0.16406250000000008 0.8359375 0.2078125000000001 0.8359375
2 0.475 0.61875 0.446875 0.61875 0.446875 0.634375 0.475 0.634375
3 0.7703125000000001 0.6640625000000001 0.709375 0.6640625 0.7093750000000001 0.7359375000000001 0.7703125000000002 0.7359375000000001
3 0.2093750000000001 0.8453125 0.16562500000000008 0.8453125 0.1656250000000001 0.915625 0.2093750000000001 0.915625
3 0.4734375 0.6375 0.45 0.6375 0.45 0.675 0.4734375 0.675
0 0.8203125 0.7500000000000002 0.7687500000000002 0.7500000000000002 0.7687500000000002 0.7781250000000002 0.8203125 0.7781250000000002
0 0.16406250000000014 0.9234375 0.12343750000000013 0.9234375 0.12343750000000013 0.9484375 0.16406250000000014 0.9484375
0 0.2218750000000001 0.9046875 0.19687500000000008 0.9046875 0.1968750000000001 0.9265625 0.2218750000000001 0.9265625
0 0.45 0.6671875 0.434375 0.6671875 0.434375 0.6796875 0.45 0.6796875
0 0.4796875 0.6703125 0.4671875 0.6703125 0.4671875 0.6828125 0.4796875 0.6828125
0 0.7203125000000001 0.7328125 0.6671875000000002 0.7328125 0.6671875000000002 0.7515625 0.7203125000000001 0.7515625
0 0.8234375 0.7312500000000001 0.6640625000000002 0.73125 0.6640625000000002 0.7812500000000001 0.8234375 0.7812500000000002
0 0.2234375000000001 0.903125 0.1218750000000001 0.903125 0.12187500000000011 0.95 0.2234375000000001 0.95
0 0.48125 0.6671875 0.434375 0.6671875 0.434375 0.6828125 0.48125 0.6828125
1 0.846875 0.5468750000000001 0.65625 0.546875 0.6562500000000001 0.9 0.846875 0.9
1 0.4859375 0.596875 0.4140625 0.596875 0.4140625 0.725 0.4859375 0.725