2 0.9015625 0.2796875000000001 0.8109375 0.2796875000000001 0.8109375 0.3203125000000001 0.9015625 0.3203125000000001
2 0.328125 0.2453125 0.25 0.2453125 0.25 0.2703125 0.328125 0.2703125
3 0.3171875 0.15468750000000003 0.2640625 0.15468750000000003 0.2640625 0.2296875 0.3171875 0.2296875
3 0.890625 0.1625000000000001 0.8265625 0.1625000000000001 0.8265625 0.2562500000000001 0.890625 0.2562500000000001
0 0.9453125 0.12343750000000012 0.8890625 0.12343750000000009 0.8890625 0.16093750000000012 0.9453125 0.16093750000000012
0 0.83125 0.1453125000000001 0.7859375 0.1453125000000001 0.7859375 0.1750000000000001 0.83125 0.1750000000000001
0 0.353125 0.14687500000000003 0.315625 0.14687500000000003 0.315625 0.17031250000000003 0.353125 0.17031250000000003
0 0.26875 0.12968750000000004 0.2453125 0.12968750000000004 0.2453125 0.15312500000000004 0.26875 0.15312500000000004
0 0.9484375 0.12187500000000011 0.784375 0.1218750000000001 0.784375 0.17656250000000012 0.9484375 0.17656250000000012
0 0.3578125 0.12812500000000004 0.2359375 0.12812500000000004 0.2359375 0.17343750000000005 0.3578125 0.17343750000000005
1 0.3765625 0.04375000000000003 0.2078125 0.043750000000000025 0.2078125 0.32500000000000007 0.3765625 0.32500000000000007
1 0.98125 0.007812500000000108 0.7640625 0.007812500000000094 0.7640625 0.3828125000000001 0.98125 0.3828125000000001