2 0.56875 0.4734375 0.5296875 0.4734375 0.5296875 0.5328125 0.56875 0.5328125
2 0.5875 0.12812500000000007 0.53125 0.12812500000000004 0.53125 0.21875000000000008 0.5875 0.21875000000000008
2 0.5734375000000002 0.790625 0.5468750000000002 0.790625 0.5468750000000002 0.81875 0.5734375000000002 0.81875
3 0.6640625 0.4734375 0.5828125 0.4734375 0.5828125 0.5171875 0.6640625 0.5171875
3 0.715625 0.1390625000000001 0.6078125 0.1390625000000001 0.6078125 0.2078125000000001 0.715625 0.2078125000000001
3 0.6406250000000002 0.790625 0.5843750000000002 0.790625 0.5843750000000002 0.821875 0.6406250000000002 0.821875
0 0.740625 0.0828125000000001 0.703125 0.0828125000000001 0.703125 0.1437500000000001 0.740625 0.1437500000000001
0 0.7171875 0.20468750000000008 0.6859375 0.20468750000000008 0.6859375 0.25468750000000007 0.7171875 0.25468750000000007
0 0.6890625 0.5109375 0.665625 0.5109375 0.665625 0.5453125 0.6890625 0.5453125
0 0.66875 0.43125 0.6453125 0.43125 0.6453125 0.465625 0.66875 0.465625
0 0.6468750000000002 0.8265625 0.6312500000000002 0.8265625 0.6312500000000002 0.8515625 0.6468750000000002 0.8515625
0 0.6515625000000002 0.7875 0.6375000000000002 0.7875 0.6375000000000002 0.8046875 0.6515625000000002 0.8046875
0 0.74375 0.0828125000000001 0.684375 0.0828125000000001 0.684375 0.2578125000000001 0.74375 0.2578125000000001
1 0.8859375 0.04687500000000008 0.471875 0.046875000000000056 0.471875 0.2687500000000001 0.8859375 0.2687500000000001
1 0.7484375 0.40312500000000007 0.484375 0.403125 0.484375 0.5875000000000001 0.7484375 0.5875000000000001
1 0.7187500000000002 0.78125 0.5156250000000002 0.78125 0.5156250000000002 0.9 0.7187500000000002 0.9
0 0.6546875000000002 0.7875 0.6328125000000002 0.7875 0.6328125000000002 0.8515625 0.6546875000000002 0.8515625
0 0.6875 0.4328125 0.646875 0.4328125 0.646875 0.5484375 0.6875 0.5484375