2 0.5718750000000001 0.7140625 0.525 0.7140625 0.5250000000000001 0.7984375 0.5718750000000001 0.7984375
2 0.5859375 0.3140625000000001 0.5640625 0.3140625000000001 0.5640625 0.3343750000000001 0.5859375 0.3343750000000001
3 0.6843750000000002 0.7328125 0.5906250000000002 0.7328125 0.5906250000000002 0.803125 0.6843750000000002 0.803125
3 0.6234375 0.3156250000000001 0.5890625 0.3156250000000001 0.5890625 0.3343750000000001 0.6234375 0.3343750000000001
0 0.7171875000000002 0.809375 0.6734375000000001 0.809375 0.6734375000000001 0.871875 0.7171875000000002 0.871875
0 0.7296875 0.7015625000000001 0.6921875 0.7015625 0.6921875000000001 0.7515625000000001 0.7296875000000002 0.7515625000000001
0 0.625 0.3359375000000001 0.6125 0.3359375000000001 0.6125 0.3531250000000001 0.625 0.3531250000000001
0 0.6296875 0.2984375000000001 0.6171875 0.2984375000000001 0.6171875 0.31718750000000007 0.6296875 0.31718750000000007
0 0.7312500000000001 0.7015625000000001 0.671875 0.7015625 0.6718750000000001 0.875 0.7312500000000002 0.875
1 0.884375 0.6765625000000001 0.4609375 0.6765625 0.4609375000000001 0.8984375 0.884375 0.8984375
1 0.6671875 0.2843750000000001 0.5421875 0.2843750000000001 0.5421875 0.36406250000000007 0.6671875 0.36406250000000007
0 0.6296875 0.2984375000000001 0.6125 0.2984375000000001 0.6125 0.3531250000000001 0.6296875 0.3531250000000001