2 0.5890625000000002 0.728125 0.5406250000000001 0.728125 0.5406250000000001 0.821875 0.5890625000000002 0.821875
3 0.7218750000000002 0.7359375 0.6125000000000002 0.7359375 0.6125000000000002 0.8125 0.7218750000000002 0.8125
3 0.575 0.22812500000000008 0.540625 0.22812500000000008 0.540625 0.2468750000000001 0.575 0.2468750000000001
0 0.7687500000000002 0.8078125 0.7218750000000002 0.8078125 0.7218750000000002 0.871875 0.7687500000000002 0.871875
0 0.7453125 0.6843750000000001 0.7046875 0.684375 0.7046875000000001 0.7406250000000001 0.7453125000000002 0.7406250000000002
0 0.7718750000000001 0.6812500000000001 0.703125 0.68125 0.7031250000000001 0.8734375 0.7718750000000002 0.8734375
0 0.584375 0.24375000000000008 0.571875 0.24375000000000008 0.571875 0.26250000000000007 0.584375 0.26250000000000007
0 0.58125 0.21875000000000008 0.5703125 0.21875000000000008 0.5703125 0.2312500000000001 0.58125 0.2312500000000001
1 0.9296875 0.6609375000000001 0.4734375 0.6609375 0.47343750000000007 0.8953125 0.9296875 0.8953125
1 0.615625 0.2171875000000001 0.503125 0.2171875000000001 0.503125 0.2984375000000001 0.615625 0.2984375000000001
0 0.584375 0.21875000000000008 0.56875 0.21875000000000008 0.56875 0.2609375000000001 0.584375 0.2609375000000001