2 0.640625 0.11875000000000009 0.6 0.11875000000000009 0.6 0.20468750000000008 0.640625 0.20468750000000008
2 0.6078125000000002 0.746875 0.5765625000000002 0.746875 0.5765625000000002 0.825 0.6078125000000002 0.825
3 0.7578125 0.14062500000000008 0.65625 0.14062500000000008 0.65625 0.20312500000000008 0.7578125 0.20312500000000008
3 0.6921875000000002 0.759375 0.6203125000000002 0.759375 0.6203125000000002 0.815625 0.6921875000000002 0.815625
0 0.7984375 0.10312500000000009 0.759375 0.10312500000000009 0.759375 0.1515625000000001 0.7984375 0.1515625000000001
0 0.7031250000000001 0.7234375 0.684375 0.7234375 0.6843750000000001 0.759375 0.7031250000000002 0.759375
0 0.74375 0.20468750000000008 0.71875 0.20468750000000008 0.71875 0.2484375000000001 0.74375 0.2484375000000001
0 0.7187500000000002 0.80625 0.6984375000000002 0.80625 0.6984375000000002 0.8234375 0.7187500000000002 0.8234375
0 0.8 0.10156250000000008 0.7171875 0.10156250000000008 0.7171875 0.2500000000000001 0.8 0.2500000000000001
0 0.7203125000000001 0.721875 0.6828125 0.721875 0.6828125 0.828125 0.7203125000000001 0.828125
1 0.803125 0.6859375000000001 0.53125 0.6859375 0.5312500000000001 0.8625 0.803125 0.8625
1 0.9078125 0.05468750000000009 0.5390625 0.05468750000000007 0.5390625 0.2515625000000001 0.9078125 0.2515625000000001