2 0.9203125 0.2812500000000001 0.834375 0.2812500000000001 0.834375 0.32500000000000007 0.9203125 0.32500000000000007
2 0.275 0.275 0.19218750000000004 0.275 0.19218750000000004 0.3125 0.275 0.3125
3 0.9109375 0.16250000000000012 0.84375 0.1625000000000001 0.84375 0.2562500000000001 0.9109375 0.2562500000000001
3 0.2625 0.19531250000000006 0.20625 0.19531250000000006 0.20625 0.26875 0.2625 0.26875
0 0.9671875 0.11406250000000014 0.9078125 0.11406250000000014 0.9078125 0.15625000000000014 0.9671875 0.15625000000000014
0 0.8484375 0.1453125000000001 0.7984375 0.1453125000000001 0.7984375 0.17968750000000008 0.8484375 0.17968750000000008
0 0.3046875 0.18437500000000004 0.265625 0.18437500000000004 0.265625 0.209375 0.3046875 0.209375
0 0.96875 0.11250000000000011 0.7953125 0.11250000000000009 0.7953125 0.1812500000000001 0.96875 0.18125000000000013
0 0.21875 0.16875000000000004 0.209375 0.16875000000000004 0.209375 0.18437500000000004 0.21875 0.18437500000000004
0 0.2171875 0.15625000000000006 0.1890625 0.15625000000000006 0.18906250000000002 0.18593750000000003 0.2171875 0.18593750000000003
0 0.30625 0.16562500000000005 0.20625 0.16562500000000005 0.20625 0.2109375 0.30625 0.2109375
1 0.340625 0.07812500000000003 0.16875 0.07812500000000003 0.16875 0.3609375 0.340625 0.3609375
1 0.996875 0.01093750000000011 0.7859375 0.010937500000000096 0.7859375 0.3843750000000001 0.996875 0.3843750000000001