1 0.6703125000000001 0.690625 0.4125 0.690625 0.4125000000000001 0.865625 0.6703125000000002 0.865625
2 0.5046875 0.2609375000000001 0.4671875 0.2609375000000001 0.4671875 0.34843750000000007 0.5046875 0.34843750000000007
2 0.6250000000000002 0.8 0.5843750000000002 0.8 0.5843750000000002 0.84375 0.6250000000000002 0.84375
2 0.675 0.5875 0.65625 0.5875 0.65625 0.621875 0.675 0.621875
3 0.4625 0.27812500000000007 0.378125 0.27812500000000007 0.378125 0.3359375000000001 0.4625 0.3359375000000001
3 0.5734375000000002 0.78125 0.49531250000000016 0.78125 0.49531250000000016 0.8328125 0.5734375000000002 0.8328125
3 0.434375 0.51875 0.409375 0.51875 0.409375 0.534375 0.434375 0.534375
3 0.653125 0.5859375 0.609375 0.5859375 0.609375 0.6140625 0.653125 0.6140625
0 0.38125000000000003 0.32812500000000006 0.359375 0.328125 0.35937500000000006 0.36562500000000003 0.3812500000000001 0.3656250000000001
0 0.378125 0.24218750000000006 0.353125 0.2421875 0.353125 0.28437500000000004 0.378125 0.2843750000000001
0 0.49531250000000016 0.8171875 0.46875000000000017 0.8171875 0.46875000000000017 0.8453125 0.49531250000000016 0.8453125
0 0.5171875000000001 0.7375 0.4937500000000002 0.7375 0.4937500000000002 0.775 0.5171875000000001 0.775
0 0.6140625 0.6078125 0.6 0.6078125 0.6 0.6234375 0.6140625 0.6234375
0 0.6234375 0.5703125 0.6078125 0.5703125 0.6078125 0.5859375 0.6234375 0.5859375
0 0.384375 0.23906250000000004 0.35 0.2390625 0.35000000000000003 0.36718750000000006 0.3843750000000001 0.3671875000000001
0 0.5171875000000001 0.734375 0.4671875000000002 0.734375 0.4671875000000002 0.846875 0.5171875000000001 0.846875
0 0.4125 0.5296875 0.4 0.5296875 0.4 0.54375 0.4125 0.54375
0 0.415625 0.50625 0.4046875 0.50625 0.4046875 0.51875 0.415625 0.51875
1 0.55 0.19531250000000006 0.2296875 0.19531250000000006 0.22968750000000004 0.38281250000000006 0.55 0.3828125000000001
1 0.465625 0.503125 0.3656250000000001 0.503125 0.3656250000000001 0.5609375 0.465625 0.5609375
1 0.7 0.565625 0.56875 0.565625 0.56875 0.65 0.7 0.65