1 0.4671875 0.30468750000000006 0.18281250000000004 0.3046875 0.18281250000000007 0.596875 0.4671875 0.596875
2 0.3906250000000001 0.525 0.2671875000000001 0.525 0.2671875000000001 0.5546875 0.3906250000000001 0.5546875
2 0.9984375 0.5125000000000002 0.9171875 0.5125000000000002 0.9171875 0.5406250000000001 0.9984375 0.5406250000000001
3 0.3812500000000001 0.4328125 0.27812500000000007 0.4328125 0.27812500000000007 0.5078125 0.3812500000000001 0.5078125
3 0.99375 0.4546875000000002 0.925 0.4546875000000002 0.925 0.5093750000000001 0.99375 0.5093750000000001
0 0.4484375 0.4109375 0.3734375000000001 0.4109375 0.3734375000000001 0.4390625 0.4484375 0.4390625
0 0.2906250000000001 0.4078125 0.2156250000000001 0.4078125 0.2156250000000001 0.4359375 0.2906250000000001 0.4359375
0 0.45 0.40625 0.2062500000000001 0.40625 0.2062500000000001 0.440625 0.45 0.440625
1 1 0.3921875000000001 0.828125 0.3921875000000001 0.828125 0.5828125000000002 1 0.5828125000000002
0 0.9140625 0.4515625000000002 0.865625 0.4515625000000002 0.865625 0.4671875000000002 0.9140625 0.4671875000000002
0 1 0.4421875000000002 0.975 0.4421875000000002 0.975 0.4578125000000002 1 0.4578125000000002
0 1 0.4421875000000002 0.86875 0.4421875000000002 0.86875 0.4656250000000002 1 0.4656250000000002