2 0.671875 0.08906250000000007 0.63125 0.08906250000000007 0.63125 0.1828125000000001 0.671875 0.1828125000000001
2 0.6531250000000001 0.6796875 0.621875 0.6796875 0.6218750000000001 0.7515625 0.6531250000000002 0.7515625
3 0.7359375000000001 0.6968750000000001 0.6625 0.696875 0.6625000000000001 0.7468750000000001 0.7359375000000001 0.7468750000000002
3 0.7796875 0.1062500000000001 0.6921875 0.1062500000000001 0.6921875 0.17343750000000008 0.7796875 0.17343750000000008
0 0.828125 0.0609375000000001 0.7890625 0.06093750000000009 0.7890625 0.11562500000000009 0.828125 0.11562500000000009
0 0.796875 0.17343750000000008 0.7640625 0.17343750000000008 0.7640625 0.21875000000000008 0.796875 0.21875000000000008
0 0.759375 0.6703125000000002 0.7375 0.6703125000000002 0.7375 0.7062500000000002 0.759375 0.7062500000000002
0 0.7484375000000002 0.7500000000000002 0.7281250000000001 0.7500000000000002 0.7281250000000001 0.7687500000000002 0.7484375000000002 0.7687500000000002
0 0.83125 0.0578125000000001 0.7625 0.057812500000000086 0.7625 0.22031250000000008 0.83125 0.22031250000000008
0 0.7609375 0.6671875000000002 0.728125 0.6671875000000002 0.7281250000000001 0.7703125000000002 0.7609375000000002 0.7703125000000002
1 0.8453125 0.6390625000000001 0.5734375 0.6390625 0.5734375 0.7890625000000001 0.8453125 0.7890625000000002
1 0.946875 0.018750000000000093 0.56875 0.018750000000000072 0.56875 0.22656250000000008 0.946875 0.22656250000000008