2 0.7328125 0.6421875000000001 0.6578125 0.6421875 0.6578125 0.6828125 0.7328125 0.6828125000000002
2 0.4203125 0.4984375 0.2828125000000001 0.4984375 0.2828125000000001 0.5734375 0.4203125 0.5734375
3 0.3968750000000001 0.6296875 0.2921875000000001 0.6296875 0.2921875000000001 0.8234375 0.3968750000000001 0.8234375
3 0.7296875 0.7000000000000001 0.671875 0.7 0.6718750000000001 0.7875000000000001 0.7296875000000002 0.7875000000000002
3 0.3968750000000001 0.6296875 0.2984375000000001 0.6296875 0.2984375000000001 0.7171875 0.3968750000000001 0.7171875
0 0.4656250000000002 0.7890625 0.3843750000000001 0.7890625 0.3843750000000001 0.8390625 0.4656250000000002 0.8390625
0 0.2796875000000001 0.7828125 0.1859375000000001 0.7828125 0.1859375000000001 0.8328125 0.2796875000000001 0.8328125
0 0.6750000000000002 0.7734375 0.6296875000000002 0.7734375 0.6296875000000002 0.8046875 0.6750000000000002 0.8046875
0 0.46875000000000017 0.78125 0.1843750000000001 0.78125 0.1843750000000001 0.84375 0.46875000000000017 0.84375
0 0.7796875000000002 0.7781250000000002 0.7375000000000002 0.7781250000000002 0.7375000000000002 0.8109375 0.7796875000000002 0.8109375
1 0.5109375 0.409375 0.13906250000000003 0.409375 0.1390625000000001 1 0.5109375000000002 1
1 0.7859375000000001 0.5859375000000001 0.6078125 0.5859375 0.6078125000000001 0.8609375 0.7859375000000002 0.8609375