2 0.7390625 0.55 0.6828125 0.55 0.6828125 0.5859375000000001 0.7390625 0.5859375000000002
2 0.3546875000000001 0.3828125 0.2984375000000001 0.3828125 0.2984375000000001 0.4046875 0.3546875000000001 0.4046875
3 0.7375 0.45781250000000007 0.68125 0.4578125 0.68125 0.5375000000000001 0.7375 0.5375000000000002
3 0.34062500000000007 0.321875 0.3015625 0.321875 0.30156250000000007 0.3734375 0.34062500000000007 0.3734375
0 0.7796875 0.44062500000000016 0.7375 0.44062500000000016 0.7375 0.4656250000000002 0.7796875 0.4656250000000002
0 0.36875 0.30468750000000006 0.3390625 0.3046875 0.3390625 0.321875 0.36875 0.3218750000000001
0 0.30625 0.3078125 0.2828125 0.3078125 0.2828125 0.3234375 0.30625 0.3234375
0 0.69375 0.4484375 0.64375 0.4484375 0.64375 0.465625 0.69375 0.465625
0 0.3703125 0.30312500000000003 0.2796875 0.303125 0.2796875 0.32343750000000004 0.3703125 0.3234375000000001
0 0.69375 0.446875 0.6359375 0.446875 0.6359375 0.478125 0.69375 0.478125
1 0.39687500000000003 0.23437500000000006 0.26875 0.234375 0.26875000000000004 0.45 0.3968750000000001 0.45
1 0.8 0.3968750000000001 0.6359375 0.3968750000000001 0.6359375 0.6375000000000001 0.8 0.6375000000000002