1 0.81875 0.3046875000000001 0.534375 0.3046875000000001 0.534375 0.596875 0.81875 0.5968750000000002
2 0.7328125 0.5250000000000001 0.609375 0.525 0.609375 0.5546875000000001 0.7328125 0.5546875000000002
2 0.08281250000000007 0.5125 0.0015625000000000625 0.5125 0.0015625000000000643 0.540625 0.08281250000000007 0.540625
3 0.721875 0.4328125 0.61875 0.4328125 0.61875 0.5078125 0.721875 0.5078125
3 0.07656250000000006 0.45625 0.007812500000000056 0.45625 0.007812500000000059 0.509375 0.07656250000000006 0.509375
0 0.6265625 0.4109375 0.5515625 0.4109375 0.5515625 0.4390625 0.6265625 0.4390625
0 0.784375 0.4078125000000001 0.709375 0.4078125 0.709375 0.4359375000000001 0.784375 0.4359375000000002
0 0.79375 0.4062500000000001 0.55 0.40625 0.55 0.4406250000000001 0.79375 0.44062500000000016
1 0.17187500000000006 0.3921875 4.802911665406026e-17 0.3921875 5.970153145843347e-17 0.5828125 0.17187500000000008 0.5828125
0 0.13437500000000005 0.4515625 0.08593750000000004 0.4515625 0.08593750000000006 0.4671875 0.13437500000000005 0.4671875
0 0.025000000000000057 0.4421875 5.415235064979703e-17 0.4421875 5.5109105961630896e-17 0.4578125 0.025000000000000057 0.4578125
0 0.13125000000000003 0.4421875 5.415235064979703e-17 0.4421875 5.558748361754783e-17 0.465625 0.13125000000000003 0.465625