2 0.3656250000000001 0.78125 0.3296875000000001 0.78125 0.3296875000000001 0.865625 0.3656250000000001 0.865625
2 0.3234375 0.13437500000000005 0.2921875 0.13437500000000005 0.2921875 0.209375 0.3234375 0.209375
3 0.3109375000000001 0.790625 0.2312500000000001 0.790625 0.2312500000000001 0.853125 0.3109375000000001 0.853125
3 0.278125 0.14531250000000004 0.209375 0.14531250000000004 0.209375 0.19843750000000004 0.278125 0.19843750000000004
0 0.2234375000000001 0.8484375 0.18906250000000008 0.8484375 0.18906250000000008 0.8953125 0.2234375000000001 0.8953125
0 0.2390625000000001 0.7515625 0.2078125000000001 0.7515625 0.2078125000000001 0.7953125 0.2390625000000001 0.7953125
0 0.2078125 0.12187500000000004 0.184375 0.12187500000000004 0.184375 0.14843750000000006 0.2078125 0.14843750000000006
0 0.21875 0.19531250000000006 0.19687500000000005 0.19531250000000006 0.19687500000000005 0.2375 0.21875 0.2375
0 0.2390625000000001 0.7484375 0.1859375000000001 0.7484375 0.1859375000000001 0.8984375 0.2390625000000001 0.8984375
0 0.221875 0.12031250000000002 0.18125 0.1203125 0.18125000000000002 0.2390625 0.221875 0.2390625
1 0.371875 0.09218750000000003 0.103125 0.09218750000000002 0.10312500000000002 0.26093750000000004 0.371875 0.2609375000000001
1 0.4265625000000002 0.7390625 0.0906250000000001 0.7390625 0.0906250000000001 0.925 0.4265625000000002 0.925