2 0.5109375 0.3750000000000001 0.4890625 0.3750000000000001 0.4890625 0.4421875 0.5109375 0.4421875
2 0.5015625000000001 0.79375 0.47968750000000016 0.79375 0.47968750000000016 0.8375 0.5015625000000001 0.8375
3 0.565625 0.37968750000000007 0.5203125 0.37968750000000007 0.5203125 0.4328125 0.565625 0.4328125
3 0.5484375000000001 0.796875 0.5078125000000002 0.796875 0.5078125000000002 0.8390625 0.5484375000000001 0.8390625
0 0.575 0.428125 0.559375 0.428125 0.559375 0.4625 0.575 0.4625
0 0.571875 0.3437500000000001 0.55625 0.3437500000000001 0.55625 0.3812500000000001 0.571875 0.3812500000000001
0 0.5531250000000002 0.7734375 0.5406250000000001 0.7734375 0.5406250000000001 0.8015625 0.5531250000000002 0.8015625
0 0.5500000000000002 0.8421875 0.5375000000000002 0.8421875 0.5375000000000002 0.8703125 0.5500000000000002 0.8703125
0 0.5765625 0.34062500000000007 0.5578125 0.34062500000000007 0.5578125 0.465625 0.5765625 0.465625
0 0.5546875000000002 0.771875 0.5390625000000002 0.771875 0.5390625000000002 0.871875 0.5546875000000002 0.871875
1 0.6234375 0.3281250000000001 0.4625 0.3281250000000001 0.4625 0.48125 0.6234375 0.48125
1 0.5953125000000001 0.746875 0.4578125000000002 0.746875 0.4578125000000002 0.8875 0.5953125000000001 0.8875