2 0.8140625 0.4468750000000001 0.71875 0.446875 0.71875 0.48125000000000007 0.8140625 0.4812500000000002
2 0.1921875000000001 0.6296875 0.14843750000000008 0.6296875 0.14843750000000008 0.6625 0.1921875000000001 0.6625
2 0.32500000000000007 0.478125 0.3000000000000001 0.478125 0.3000000000000001 0.496875 0.32500000000000007 0.496875
3 0.7953125 0.3531250000000001 0.734375 0.3531250000000001 0.734375 0.4437500000000002 0.7953125 0.4437500000000002
3 0.18906250000000008 0.5734375 0.1546875000000001 0.5734375 0.1546875000000001 0.6234375 0.18906250000000008 0.6234375
3 0.5609375 0.440625 0.5328125 0.440625 0.5328125 0.4828125 0.5609375 0.4828125
3 0.3296875000000001 0.44375 0.3078125000000001 0.44375 0.3078125000000001 0.4765625 0.3296875000000001 0.4765625
0 0.83125 0.3296875000000001 0.7875 0.3296875000000001 0.7875 0.3546875000000001 0.83125 0.3546875000000001
0 0.740625 0.3390625000000001 0.7015625 0.3390625000000001 0.7015625 0.3609375000000001 0.740625 0.3609375000000001
0 0.2171875000000001 0.571875 0.1921875000000001 0.571875 0.1921875000000001 0.5875 0.2171875000000001 0.5875
0 0.5296875 0.4375 0.5125 0.4375 0.5125 0.453125 0.5296875 0.453125
0 0.571875 0.421875 0.553125 0.421875 0.553125 0.4390625 0.571875 0.4390625
0 0.1671875000000001 0.5546875 0.14843750000000008 0.5546875 0.14843750000000008 0.571875 0.1671875000000001 0.571875
0 0.3500000000000001 0.4421875 0.3359375000000001 0.4421875 0.3359375000000001 0.45625 0.3500000000000001 0.45625
0 0.31718750000000007 0.43125 0.3046875000000001 0.43125 0.3046875000000001 0.44375 0.31718750000000007 0.44375
1 0.871875 0.2062500000000001 0.6765625 0.2062500000000001 0.6765625 0.5312500000000001 0.871875 0.5312500000000002
1 0.24375000000000008 0.5390625 0.13281250000000006 0.5390625 0.13281250000000006 0.70625 0.24375000000000008 0.70625
1 0.5859375 0.3828125000000001 0.50625 0.3828125000000001 0.50625 0.5296875 0.5859375 0.5296875
1 0.36406250000000007 0.415625 0.2921875000000001 0.415625 0.2921875000000001 0.5234375 0.36406250000000007 0.5234375