2 0.24375 0.265625 0.18125000000000005 0.265625 0.18125000000000005 0.3 0.24375 0.3
2 0.74375 0.42656250000000007 0.66875 0.4265625 0.66875 0.4531250000000001 0.74375 0.45312500000000017
2 0.4484375 0.30937500000000007 0.41875 0.30937500000000007 0.41875 0.3265625000000001 0.4484375 0.3265625000000001
3 0.2328125 0.19531250000000006 0.18593750000000003 0.19531250000000006 0.18593750000000003 0.2609375 0.2328125 0.2609375
3 0.73125 0.3296875000000001 0.6765625 0.3296875000000001 0.6765625 0.4078125000000001 0.73125 0.4078125000000002
3 0.44375 0.2671875000000001 0.4203125 0.2671875000000001 0.4203125 0.3062500000000001 0.44375 0.3062500000000001
0 0.7765625 0.2953125000000001 0.7296875 0.2953125000000001 0.7296875 0.32500000000000007 0.7765625 0.32500000000000007
0 0.6796875 0.30937500000000007 0.640625 0.30937500000000007 0.640625 0.3375000000000001 0.6796875 0.3375000000000001
0 0.18437500000000004 0.18281250000000002 0.14531250000000004 0.1828125 0.14531250000000004 0.2 0.18437500000000004 0.2
0 0.2484375 0.17968750000000006 0.21875 0.17968750000000006 0.21875 0.19687500000000005 0.2484375 0.19687500000000005
0 0.41875 0.2640625000000001 0.4015625 0.2640625000000001 0.4015625 0.2765625000000001 0.41875 0.2765625000000001
0 0.45 0.2640625000000001 0.4375 0.2640625000000001 0.4375 0.2750000000000001 0.45 0.2750000000000001
0 0.7796875 0.2921875000000001 0.6375 0.2921875000000001 0.6375 0.3390625000000001 0.7796875 0.3390625000000001
0 0.253125 0.1765625 0.14375 0.1765625 0.14375000000000002 0.203125 0.253125 0.203125
1 0.2703125 0.10468750000000002 0.125 0.1046875 0.12500000000000003 0.3375 0.2703125 0.3375
1 0.803125 0.18906250000000008 0.6296875 0.18906250000000008 0.6296875 0.5140625000000001 0.803125 0.5140625000000002
1 0.4578125 0.22656250000000008 0.3859375 0.22656250000000008 0.3859375 0.3515625000000001 0.4578125 0.3515625000000001
0 0.4484375 0.2640625000000001 0.403125 0.2640625000000001 0.403125 0.2750000000000001 0.4484375 0.2750000000000001