2 0.4671875 0.6421875 0.41875 0.6421875 0.41875 0.66875 0.4671875 0.66875
2 0.66875 0.625 0.61875 0.625 0.61875 0.653125 0.66875 0.653125
3 0.4671875 0.5734375 0.43125 0.5734375 0.43125 0.634375 0.4671875 0.634375
3 0.6578125 0.5515625 0.6203125 0.5515625 0.6203125 0.615625 0.6578125 0.615625
0 0.4390625 0.55 0.4109375 0.55 0.4109375 0.5734375 0.4390625 0.5734375
0 0.678125 0.528125 0.646875 0.528125 0.646875 0.5515625 0.678125 0.5515625
0 0.4984375 0.5625 0.4703125 0.5625 0.4703125 0.5875 0.4984375 0.5875
0 0.6203125 0.54375 0.59375 0.54375 0.59375 0.565625 0.6203125 0.565625
0 0.5 0.5484375 0.409375 0.5484375 0.409375 0.5875 0.5 0.5875
0 0.6796875 0.5265625 0.590625 0.5265625 0.590625 0.5671875 0.6796875 0.5671875
1 0.6921875 0.440625 0.58125 0.440625 0.58125 0.69375 0.6921875 0.69375
1 0.5109375 0.4703125 0.3859375000000001 0.4703125 0.3859375000000001 0.7046875 0.5109375 0.7046875