2 0.5109375 0.2375000000000001 0.4796875 0.2375000000000001 0.4796875 0.3140625000000001 0.5109375 0.3140625000000001
2 0.4140625 0.434375 0.37968750000000007 0.434375 0.37968750000000007 0.4984375 0.4140625 0.4984375
3 0.6015625 0.2515625000000001 0.528125 0.2515625000000001 0.528125 0.3062500000000001 0.6015625 0.3062500000000001
3 0.50625 0.440625 0.4265625 0.440625 0.4265625 0.4921875 0.50625 0.4921875
0 0.6296875 0.3031250000000001 0.603125 0.3031250000000001 0.603125 0.3421875000000001 0.6296875 0.3421875000000001
0 0.515625 0.490625 0.4953125 0.490625 0.4953125 0.521875 0.515625 0.521875
0 0.5203125 0.415625 0.4984375 0.415625 0.4984375 0.4453125 0.5203125 0.4453125
0 0.6140625 0.2078125000000001 0.5984375 0.2078125000000001 0.5984375 0.2593750000000001 0.6140625 0.2593750000000001
0 0.521875 0.4140625 0.4953125 0.4140625 0.4953125 0.5234375 0.521875 0.5234375
0 0.63125 0.20468750000000008 0.596875 0.20468750000000008 0.596875 0.3437500000000001 0.63125 0.3437500000000001
1 0.7390625 0.18593750000000006 0.4296875 0.18593750000000003 0.4296875 0.3578125000000001 0.7390625 0.3578125000000001
1 0.559375 0.39062500000000006 0.3375000000000001 0.390625 0.3375000000000001 0.5421875 0.559375 0.5421875