2 0.66875 0.59375 0.628125 0.59375 0.628125 0.66875 0.66875 0.66875
2 0.45 0.19062500000000004 0.4109375 0.19062500000000004 0.4109375 0.2656250000000001 0.45 0.2656250000000001
3 0.5234375 0.20468750000000008 0.4625 0.20468750000000008 0.4625 0.26250000000000007 0.5234375 0.26250000000000007
3 0.7265625 0.5921875000000001 0.6734375 0.5921875 0.6734375 0.6453125000000001 0.7265625 0.6453125000000002
0 0.5734375 0.17031250000000006 0.5421875 0.17031250000000003 0.5421875 0.2140625000000001 0.5734375 0.2140625000000001
0 0.5578125 0.2656250000000001 0.528125 0.2656250000000001 0.528125 0.3062500000000001 0.5578125 0.3062500000000001
0 0.75625 0.5546875000000002 0.7265625 0.5546875000000002 0.7265625 0.5906250000000002 0.75625 0.5906250000000002
0 0.784375 0.6359375000000002 0.7625 0.6359375000000002 0.7625 0.6687500000000002 0.784375 0.6687500000000002
0 0.5765625 0.16718750000000007 0.5265625 0.16718750000000004 0.5265625 0.3078125000000001 0.5765625 0.3078125000000001
0 0.7859375 0.5531250000000001 0.725 0.553125 0.725 0.6718750000000001 0.7859375 0.6718750000000002
1 0.5953125 0.13125000000000006 0.3578125 0.13125000000000003 0.3578125 0.32031250000000006 0.5953125 0.3203125000000001
1 0.7875000000000001 0.5421875 0.5625 0.5421875 0.5625000000000001 0.7359375000000001 0.7875000000000002 0.7359375000000001