2 0.8234375 0.5093750000000001 0.7234375 0.509375 0.7234375 0.5781250000000001 0.8234375 0.5781250000000002
2 0.45625 0.478125 0.3812500000000001 0.478125 0.3812500000000001 0.5171875 0.45625 0.5171875
3 0.45625 0.5265625 0.4 0.5265625 0.4 0.6078125 0.45625 0.6078125
3 0.8 0.596875 0.725 0.596875 0.725 0.7031250000000001 0.8 0.7031250000000002
0 0.853125 0.7046875000000001 0.7875 0.7046875000000001 0.7875000000000001 0.7421875000000002 0.853125 0.7421875000000002
0 0.503125 0.5875 0.4640625 0.5875 0.4640625 0.61875 0.503125 0.61875
0 0.728125 0.6796875000000001 0.6765625 0.6796875 0.6765625 0.7109375000000001 0.728125 0.7109375000000002
0 0.4171875 0.6140625 0.3921875000000001 0.6140625 0.3921875000000001 0.6421875 0.4171875 0.6421875
0 0.5046875 0.5859375 0.38750000000000007 0.5859375 0.38750000000000007 0.6453125 0.5046875 0.6453125
0 0.853125 0.675 0.675 0.675 0.675 0.7437500000000001 0.853125 0.7437500000000001
1 0.9109375 0.4437500000000001 0.6609375 0.44375 0.6609375000000001 0.909375 0.9109375 0.909375
1 0.5140625000000001 0.4140625 0.3296875000000001 0.4140625 0.3296875000000001 0.7578125 0.5140625000000002 0.7578125