2 0.4171875 0.3906250000000001 0.3828125000000001 0.3906250000000001 0.3828125000000001 0.434375 0.4171875 0.434375
2 0.734375 0.41875000000000007 0.6609375 0.41875 0.6609375 0.4718750000000001 0.734375 0.47187500000000016
3 0.440625 0.34843750000000007 0.4015625 0.34843750000000007 0.4015625 0.4 0.440625 0.4
3 0.725 0.3296875000000001 0.6703125 0.3296875000000001 0.6703125 0.403125 0.725 0.403125
0 0.7703125 0.3000000000000001 0.725 0.3000000000000001 0.725 0.3296875000000001 0.7703125 0.3296875000000001
0 0.678125 0.3046875000000001 0.6390625 0.3046875000000001 0.6390625 0.3312500000000001 0.678125 0.3312500000000001
0 0.48125 0.34843750000000007 0.4546875 0.34843750000000007 0.4546875 0.3750000000000001 0.48125 0.3750000000000001
0 0.4296875 0.2953125000000001 0.4078125 0.2953125000000001 0.4078125 0.3265625000000001 0.4296875 0.3265625000000001
0 0.771875 0.2968750000000001 0.6390625 0.2968750000000001 0.6390625 0.33281250000000007 0.771875 0.33281250000000007
0 0.484375 0.2953125000000001 0.40625 0.2953125000000001 0.40625 0.37968750000000007 0.484375 0.37968750000000007
1 0.5046875 0.2578125000000001 0.371875 0.2578125000000001 0.37187500000000007 0.48125 0.5046875 0.48125
1 0.809375 0.1781250000000001 0.6203125 0.1781250000000001 0.6203125 0.5218750000000001 0.809375 0.5218750000000002