2 0.51875 0.2562500000000001 0.49375 0.2562500000000001 0.49375 0.34062500000000007 0.51875 0.34062500000000007
2 0.5937500000000002 0.765625 0.5750000000000002 0.765625 0.5750000000000002 0.8046875 0.5937500000000002 0.8046875
3 0.48125 0.2750000000000001 0.421875 0.2750000000000001 0.421875 0.34062500000000007 0.48125 0.34062500000000007
3 0.5703125000000002 0.771875 0.5359375000000002 0.771875 0.5359375000000002 0.80625 0.5703125000000002 0.80625
0 0.4375 0.34843750000000007 0.41875 0.34843750000000007 0.41875 0.4046875 0.4375 0.4046875
0 0.421875 0.2406250000000001 0.403125 0.2406250000000001 0.403125 0.2921875000000001 0.421875 0.2921875000000001
0 0.5453125000000002 0.746875 0.5328125000000001 0.746875 0.5328125000000001 0.775 0.5453125000000002 0.775
0 0.4375 0.2390625000000001 0.4015625 0.2390625000000001 0.4015625 0.4078125 0.4375 0.4078125
1 0.5609375 0.20625000000000004 0.3390625 0.20625 0.33906250000000004 0.434375 0.5609375 0.434375
1 0.6062500000000001 0.721875 0.5 0.721875 0.5000000000000001 0.828125 0.6062500000000002 0.828125
1 0.5484375 0.5734375 0.5078125 0.5734375 0.5078125 0.61875 0.5484375 0.61875