2 0.628125 0.5109375 0.584375 0.5109375 0.584375 0.5453125 0.628125 0.5453125
2 0.61875 0.2828125000000001 0.5875 0.2828125000000001 0.5875 0.3296875000000001 0.61875 0.3296875000000001
3 0.58125 0.28593750000000007 0.521875 0.28593750000000007 0.521875 0.3218750000000001 0.58125 0.3218750000000001
3 0.5953125 0.5234375 0.5359375 0.5234375 0.5359375 0.5546875 0.5953125 0.5546875
0 0.5625 0.5640625 0.5359375 0.5640625 0.5359375 0.5890625 0.5625 0.5890625
0 0.5296875 0.5171875 0.5046875 0.5171875 0.5046875 0.5390625 0.5296875 0.5390625
0 0.5234375 0.3109375000000001 0.5015625 0.3109375000000001 0.5015625 0.3359375000000001 0.5234375 0.3359375000000001
0 0.5328125 0.25468750000000007 0.5140625 0.25468750000000007 0.5140625 0.2843750000000001 0.5328125 0.2843750000000001
0 0.5640625 0.5140625 0.5015625 0.5140625 0.5015625 0.590625 0.5640625 0.590625
0 0.534375 0.2531250000000001 0.5 0.2531250000000001 0.5 0.3375000000000001 0.534375 0.3375000000000001
1 0.6515625 0.23593750000000008 0.4140625 0.23593750000000008 0.4140625 0.3515625000000001 0.6515625 0.3515625000000001
1 0.6671875 0.490625 0.4484375 0.490625 0.4484375 0.603125 0.6671875 0.603125