1 0.39531250000000007 0.3296875 0.10937500000000004 0.3296875 0.10937500000000007 0.6125 0.39531250000000007 0.6125
1 0.8640625 0.4203125000000001 0.6421875 0.4203125 0.6421875 0.6359375 0.8640625 0.6359375000000002
2 0.3187500000000001 0.5375 0.19687500000000005 0.5375 0.19687500000000008 0.5671875 0.3187500000000001 0.5671875
2 0.7390625 0.5640625000000001 0.6703125 0.5640625 0.6703125 0.5890625 0.7390625 0.5890625000000002
3 0.3218750000000001 0.4328125 0.2218750000000001 0.4328125 0.2218750000000001 0.5203125 0.3218750000000001 0.5203125
3 0.734375 0.4953125000000001 0.675 0.4953125 0.675 0.5546875000000001 0.734375 0.5546875000000002
0 0.3687500000000001 0.425 0.3234375000000001 0.425 0.3234375000000001 0.453125 0.3687500000000001 0.453125
0 0.2375000000000001 0.415625 0.14687500000000003 0.415625 0.14687500000000003 0.44375 0.2375000000000001 0.44375
0 0.7703125 0.48750000000000016 0.7421875 0.48750000000000016 0.7421875 0.5062500000000002 0.7703125 0.5062500000000002
0 0.37187500000000007 0.4140625 0.14375000000000004 0.4140625 0.14375000000000004 0.453125 0.37187500000000007 0.453125
0 0.6875 0.49375 0.6609375 0.49375 0.6609375 0.5109375 0.6875 0.5109375
0 0.7734375 0.48906250000000007 0.6609375 0.4890625 0.6609375 0.5125000000000001 0.7734375 0.5125000000000002