2 0.5484375 0.3421875000000001 0.4671875 0.3421875000000001 0.4671875 0.4046875 0.5484375 0.4046875
2 0.3375 0.2265625 0.253125 0.2265625 0.253125 0.2859375 0.3375 0.2859375
2 0.7875 0.46562500000000007 0.7015625 0.465625 0.7015625 0.503125 0.7875 0.5031250000000002
3 0.55625 0.23437500000000008 0.4890625 0.23437500000000008 0.4890625 0.3312500000000001 0.55625 0.3312500000000001
3 0.7796875 0.3546875000000001 0.7140625 0.3546875000000001 0.7140625 0.45000000000000007 0.7796875 0.4500000000000002
3 0.3328125 0.07968750000000004 0.26875 0.07968750000000002 0.26875 0.20625 0.3328125 0.20625
0 0.621875 0.2140625000000001 0.565625 0.2140625000000001 0.565625 0.2562500000000001 0.621875 0.2562500000000001
0 0.3875 0.07500000000000004 0.3375 0.07500000000000004 0.3375 0.10937500000000004 0.3875 0.10937500000000004
0 0.728125 0.3281250000000001 0.690625 0.3281250000000001 0.690625 0.35625000000000007 0.728125 0.35625000000000007
0 0.2703125 0.037500000000000026 0.2109375 0.03750000000000002 0.2109375 0.08125000000000002 0.2703125 0.08125000000000002
0 0.3890625 0.03437500000000003 0.209375 0.034375000000000024 0.209375 0.11250000000000004 0.3890625 0.11250000000000004
0 0.8421875 0.34843750000000007 0.7765625 0.34843750000000007 0.7765625 0.3703125000000001 0.8421875 0.3703125000000001
0 0.6234375 0.17968750000000006 0.4640625 0.17968750000000006 0.4640625 0.2578125000000001 0.6234375 0.2578125000000001
0 0.50625 0.18281250000000004 0.465625 0.18281250000000004 0.465625 0.2218750000000001 0.50625 0.2218750000000001
1 0.4078125 0.0015625000000000337 0.1421875 0.0015625000000000174 0.14218750000000002 0.33906250000000004 0.4078125 0.3390625000000001
1 0.6546875 0.034375000000000065 0.4296875 0.03437500000000006 0.4296875 0.4625 0.6546875 0.4625
1 0.8796875 0.21250000000000008 0.6765625 0.21250000000000008 0.6765625 0.565625 0.8796875 0.5656250000000002
0 0.84375 0.3265625000000001 0.690625 0.3265625000000001 0.690625 0.3687500000000001 0.84375 0.3687500000000001