2 0.459375 0.6125 0.4 0.6125 0.4 0.696875 0.459375 0.696875
2 0.32656250000000003 0.328125 0.296875 0.328125 0.29687500000000006 0.4015625 0.3265625000000001 0.4015625
3 0.2828125 0.3359375 0.23125 0.3359375 0.23125000000000004 0.3890625 0.2828125000000001 0.3890625
3 0.3812500000000001 0.6296875 0.3218750000000001 0.6296875 0.3218750000000001 0.690625 0.3812500000000001 0.690625
0 0.2921875000000001 0.5921875 0.2609375000000001 0.5921875 0.2609375000000001 0.6390625 0.2921875000000001 0.6390625
0 0.3031250000000001 0.6953125 0.2750000000000001 0.6953125 0.2750000000000001 0.7390625 0.3031250000000001 0.7390625
0 0.2093750000000001 0.371875 0.19375000000000003 0.371875 0.19375000000000003 0.40625 0.2093750000000001 0.40625
0 0.21875 0.296875 0.203125 0.296875 0.203125 0.328125 0.21875 0.328125
0 0.3046875000000001 0.5921875 0.2593750000000001 0.5921875 0.2593750000000001 0.740625 0.3046875000000001 0.740625
1 0.5093750000000001 0.559375 0.2375000000000001 0.559375 0.2375000000000001 0.775 0.5093750000000001 0.775
1 0.38906250000000003 0.24687500000000004 0.16406250000000006 0.246875 0.16406250000000006 0.43125 0.3890625000000001 0.43125