2 0.45 0.12500000000000006 0.428125 0.12500000000000006 0.428125 0.19531250000000006 0.45 0.19531250000000006
2 0.5109375 0.50625 0.4828125 0.50625 0.4828125 0.584375 0.5109375 0.584375
3 0.4046875 0.13437500000000005 0.3203125 0.13437500000000005 0.3203125 0.21562500000000004 0.4046875 0.2156250000000001
3 0.4765625 0.509375 0.4109375 0.509375 0.4109375 0.5703125 0.4765625 0.5703125
0 0.3296875 0.04375000000000004 0.3046875 0.04375000000000003 0.3046875 0.12812500000000004 0.3296875 0.12812500000000004
0 0.4203125 0.5640625 0.4015625 0.5640625 0.4015625 0.6015625 0.4203125 0.6015625
0 0.3265625 0.209375 0.3109375 0.209375 0.3109375 0.284375 0.3265625 0.284375
0 0.4328125 0.4609375 0.415625 0.4609375 0.415625 0.4984375 0.4328125 0.4984375
0 0.33125 0.04375000000000004 0.303125 0.04375000000000003 0.303125 0.290625 0.33125 0.290625
0 0.33125 0.20625 0.3015625 0.20625 0.3015625 0.290625 0.33125 0.290625
1 0.515625 0.003125000000000042 0.1609375 0.0031250000000000193 0.1609375 0.31093750000000003 0.515625 0.3109375000000001
1 0.5421875 0.428125 0.33281250000000007 0.428125 0.33281250000000007 0.61875 0.5421875 0.61875