2 0.35937500000000006 0.325 0.25625 0.325 0.25625000000000003 0.365625 0.3593750000000001 0.365625
2 0.6703125 0.1906250000000001 0.6078125 0.1906250000000001 0.6078125 0.22031250000000008 0.6703125 0.22031250000000008
3 0.6703125 0.10312500000000009 0.6234375 0.10312500000000009 0.6234375 0.18125000000000008 0.6703125 0.18125000000000008
3 0.34375 0.20625 0.271875 0.20625 0.271875 0.309375 0.34375 0.309375
0 0.2703125 0.17187500000000006 0.2078125 0.17187500000000006 0.2078125 0.2125 0.2703125 0.2125
0 0.3828125 0.17812500000000003 0.3328125 0.17812500000000003 0.3328125 0.21406250000000004 0.3828125 0.2140625000000001
0 0.7109375 0.09375000000000008 0.6765625 0.09375000000000008 0.6765625 0.11562500000000009 0.7109375 0.11562500000000009
0 0.634375 0.08125000000000007 0.6125 0.08125000000000007 0.6125 0.10312500000000009 0.634375 0.10312500000000009
0 0.3875 0.16875000000000004 0.20625 0.16875000000000004 0.20625 0.21562500000000004 0.3875 0.2156250000000001
0 0.7125 0.07968750000000008 0.6078125 0.07968750000000006 0.6078125 0.11718750000000008 0.7125 0.11718750000000008
1 0.7359375 0.00156250000000008 0.5734375 0.0015625000000000701 0.5734375 0.2750000000000001 0.7359375 0.2750000000000001
1 0.4125 0.02812500000000004 0.175 0.02812500000000002 0.17500000000000002 0.428125 0.4125 0.428125