2 0.5546875000000001 0.71875 0.5203125 0.71875 0.5203125000000001 0.8140625 0.5546875000000002 0.8140625
2 0.371875 0.14843750000000006 0.3390625 0.14843750000000006 0.3390625 0.19218750000000004 0.371875 0.19218750000000004
2 0.5234375 0.3000000000000001 0.5046875 0.3000000000000001 0.5046875 0.32500000000000007 0.5234375 0.32500000000000007
3 0.6484375000000002 0.734375 0.5578125000000002 0.734375 0.5578125000000002 0.7953125 0.6484375000000002 0.7953125
3 0.4265625 0.15468750000000003 0.3765625 0.15468750000000003 0.3765625 0.18906250000000005 0.4265625 0.18906250000000005
3 0.559375 0.5328125 0.51875 0.5328125 0.51875 0.5609375 0.559375 0.5609375
3 0.5578125 0.3078125000000001 0.5234375 0.3078125000000001 0.5234375 0.3296875000000001 0.5578125 0.3296875000000001
0 0.6718750000000002 0.7875 0.6468750000000002 0.7875 0.6468750000000002 0.83125 0.6718750000000002 0.83125
0 0.6625000000000001 0.7015625 0.640625 0.7015625 0.6406250000000001 0.7421875 0.6625000000000002 0.7421875
0 0.4296875 0.19218750000000004 0.4140625 0.19218750000000004 0.4140625 0.2171875000000001 0.4296875 0.2171875000000001
0 0.5640625 0.5125 0.5484375 0.5125 0.5484375 0.53125 0.5640625 0.53125
0 0.5796875 0.553125 0.5625 0.553125 0.5625 0.571875 0.5796875 0.571875
0 0.446875 0.14843750000000006 0.428125 0.14843750000000006 0.428125 0.16718750000000004 0.446875 0.16718750000000004
0 0.5578125 0.3359375000000001 0.5453125 0.3359375000000001 0.5453125 0.3515625000000001 0.5578125 0.3515625000000001
0 0.56875 0.3046875000000001 0.55625 0.3046875000000001 0.55625 0.31718750000000007 0.56875 0.31718750000000007
1 0.7937500000000001 0.6765625000000001 0.46875 0.6765625 0.4687500000000001 0.8734375 0.7937500000000002 0.8734375
1 0.4609375 0.13281250000000006 0.29375 0.13281250000000006 0.29375 0.24375000000000005 0.4609375 0.24375000000000008
1 0.6171875 0.50625 0.4703125 0.50625 0.4703125 0.5859375 0.6171875 0.5859375
1 0.584375 0.2921875000000001 0.4765625 0.2921875000000001 0.4765625 0.36406250000000007 0.584375 0.36406250000000007