1 0.3031250000000001 0.665625 0.21875000000000008 0.665625 0.21875000000000008 0.75625 0.3031250000000001 0.75625
2 0.784375 0.1312500000000001 0.7296875 0.1312500000000001 0.7296875 0.1468750000000001 0.784375 0.1468750000000001
2 0.2796875000000001 0.678125 0.2390625000000001 0.678125 0.2390625000000001 0.690625 0.2796875000000001 0.690625
2 0.19843750000000004 0.30625 0.15156250000000004 0.30625 0.15156250000000004 0.31875 0.19843750000000004 0.31875
2 0.615625 0.2875000000000001 0.5609375 0.2875000000000001 0.5609375 0.3000000000000001 0.615625 0.3000000000000001
2 0.7578125 0.5578125 0.7171875 0.5578125 0.7171875 0.5781250000000001 0.7578125 0.5781250000000002
2 0.840625 0.3062500000000001 0.796875 0.3062500000000001 0.796875 0.3187500000000001 0.840625 0.3187500000000001
2 0.4078125 0.13125000000000003 0.3515625 0.13125000000000003 0.3515625 0.14375000000000004 0.4078125 0.14375000000000004
2 0.13437500000000008 0.69375 0.08750000000000009 0.69375 0.08750000000000009 0.703125 0.13437500000000008 0.703125
2 0.871875 0.7437500000000001 0.846875 0.7437500000000001 0.846875 0.7562500000000002 0.871875 0.7562500000000002
2 0.6187500000000001 0.7140625 0.578125 0.7140625 0.5781250000000001 0.7265625 0.6187500000000001 0.7265625
2 0.4140625 0.3046875000000001 0.3875 0.3046875000000001 0.3875 0.3234375000000001 0.4140625 0.3234375000000001
2 0.425 0.7 0.3906250000000001 0.7 0.3906250000000001 0.7125 0.425 0.7125
3 0.78125 0.1515625000000001 0.740625 0.1515625000000001 0.740625 0.1828125000000001 0.78125 0.1828125000000001
3 0.7703125 0.5796875000000001 0.7296875 0.5796875000000001 0.7296875 0.6171875000000002 0.7703125 0.6171875000000002
3 0.3953125 0.15156250000000004 0.3546875 0.15156250000000004 0.3546875 0.18281250000000004 0.3953125 0.18281250000000004
3 0.4218750000000001 0.7171875 0.3921875000000001 0.7171875 0.3921875000000001 0.7421875 0.42187500000000017 0.7421875
3 0.6125 0.3046875000000001 0.578125 0.3046875000000001 0.578125 0.3343750000000001 0.6125 0.3343750000000001
3 0.6218750000000002 0.728125 0.5906250000000002 0.728125 0.5906250000000002 0.753125 0.6218750000000002 0.753125
3 0.834375 0.3234375000000001 0.803125 0.3234375000000001 0.803125 0.34843750000000007 0.834375 0.34843750000000007
3 0.2718750000000001 0.6953125 0.24218750000000008 0.6953125 0.24218750000000008 0.7203125 0.2718750000000001 0.7203125
3 0.8703125 0.7562500000000002 0.8390625 0.7562500000000002 0.8390625 0.7843750000000002 0.8703125 0.7843750000000002
3 0.19375000000000003 0.321875 0.16250000000000003 0.321875 0.16250000000000003 0.346875 0.19375000000000003 0.346875
3 0.1218750000000001 0.7078125 0.0906250000000001 0.7078125 0.0906250000000001 0.7359375 0.1218750000000001 0.7359375
3 0.3984375 0.3234375000000001 0.3703125 0.3234375000000001 0.3703125 0.3468750000000001 0.3984375 0.3468750000000001
0 0.8140625 0.17343750000000008 0.7828125 0.17343750000000008 0.7828125 0.1843750000000001 0.8140625 0.1843750000000001
0 0.8125 0.5984375000000002 0.778125 0.5984375000000002 0.778125 0.6109375000000001 0.8125 0.6109375000000001
0 0.746875 0.18125000000000008 0.71875 0.18125000000000008 0.71875 0.1921875000000001 0.746875 0.1921875000000001
0 0.7453125 0.6156250000000001 0.7171875 0.615625 0.7171875 0.628125 0.7453125 0.6281250000000002
0 0.3546875 0.17812500000000003 0.3265625 0.17812500000000003 0.3265625 0.18906250000000005 0.3546875 0.18906250000000005
0 0.5796875 0.3343750000000001 0.5578125 0.3343750000000001 0.5578125 0.3437500000000001 0.5796875 0.3437500000000001
0 0.6468750000000002 0.7453125 0.6265625000000001 0.7453125 0.6265625000000001 0.753125 0.6468750000000002 0.753125
0 0.8296875 0.7718750000000002 0.8078125 0.7718750000000002 0.8078125 0.7812500000000002 0.8296875 0.7812500000000002
0 0.8671875 0.3437500000000001 0.8390625 0.3437500000000001 0.8390625 0.3531250000000001 0.8671875 0.3531250000000001
0 0.634375 0.3265625000000001 0.6109375 0.3265625000000001 0.6109375 0.3359375000000001 0.634375 0.3359375000000001
0 0.3953125 0.3500000000000001 0.378125 0.3500000000000001 0.378125 0.3593750000000001 0.3953125 0.3593750000000001
0 0.5984375000000002 0.753125 0.5765625000000002 0.753125 0.5765625000000002 0.7625 0.5984375000000002 0.7625
0 0.16406250000000006 0.3453125 0.14218750000000005 0.3453125 0.14218750000000005 0.353125 0.16406250000000006 0.353125
0 0.3578125 0.334375 0.3359375 0.334375 0.3359375 0.34375 0.3578125 0.34375
0 0.2453125000000001 0.715625 0.2250000000000001 0.715625 0.2250000000000001 0.725 0.2453125000000001 0.725
0 0.815625 0.34843750000000007 0.796875 0.34843750000000007 0.796875 0.3578125000000001 0.815625 0.3578125000000001
0 0.85625 0.7828125000000001 0.840625 0.7828125000000001 0.840625 0.7921875000000002 0.85625 0.7921875000000002
0 0.8140625 0.5984375000000001 0.715625 0.5984375 0.715625 0.6296875000000001 0.8140625 0.6296875000000002
0 0.40156250000000016 0.74375 0.3859375000000001 0.74375 0.3859375000000001 0.7515625 0.40156250000000016 0.7515625
0 0.2109375 0.3421875 0.19375000000000003 0.3421875 0.19375000000000003 0.35 0.2109375 0.35
0 0.09531250000000009 0.7296875 0.07656250000000009 0.7296875 0.07656250000000009 0.7359375 0.09531250000000009 0.7359375
0 0.85625 0.7703125000000002 0.80625 0.7703125000000002 0.80625 0.7921875000000002 0.85625 0.7921875000000002
0 0.815625 0.17343750000000008 0.7171875 0.17343750000000008 0.7171875 0.19531250000000008 0.815625 0.19531250000000008
0 0.4171875 0.17812500000000003 0.3859375 0.17812500000000003 0.3859375 0.18593750000000003 0.4171875 0.18593750000000003
0 0.41875 0.17656250000000004 0.325 0.17656250000000004 0.325 0.18906250000000005 0.41875 0.18906250000000005
0 0.1296875000000001 0.73125 0.11875000000000009 0.73125 0.11875000000000009 0.7375 0.1296875000000001 0.7375
0 0.6359375 0.3265625000000001 0.5546875 0.3265625000000001 0.5546875 0.3437500000000001 0.6359375 0.3437500000000001
0 0.2921875000000001 0.7140625 0.2687500000000001 0.7140625 0.2687500000000001 0.7203125 0.2921875000000001 0.7203125
0 0.6484375000000002 0.7453125 0.5734375000000002 0.7453125 0.5734375000000002 0.7625 0.6484375000000002 0.7625
1 0.8265625 0.11718750000000008 0.7046875 0.11718750000000008 0.7046875 0.2328125000000001 0.8265625 0.2328125000000001
1 0.8234375 0.5421875 0.696875 0.5421875 0.696875 0.6609375000000001 0.8234375 0.6609375000000002
1 0.6687500000000001 0.6953125 0.5578125 0.6953125 0.5578125 0.7890625 0.6687500000000002 0.7890625
1 0.22031250000000005 0.290625 0.12656250000000005 0.290625 0.12656250000000005 0.38125 0.22031250000000008 0.38125
1 0.6453125 0.2640625000000001 0.509375 0.2640625000000001 0.509375 0.3734375000000001 0.6453125 0.3734375000000001
1 0.48906250000000007 0.6828125 0.3734375000000001 0.6828125 0.3734375000000001 0.7890625 0.4890625000000002 0.7890625
1 0.43125 0.11093750000000005 0.3171875 0.11093750000000005 0.3171875 0.22968750000000004 0.43125 0.2296875000000001
1 0.1859375000000001 0.675 0.07031250000000008 0.675 0.07031250000000008 0.7671875 0.1859375000000001 0.7671875
1 0.428125 0.28593750000000007 0.30625 0.2859375 0.30625 0.38281250000000006 0.428125 0.3828125000000001
1 0.9015625 0.28593750000000007 0.7796875 0.28593750000000007 0.7796875 0.3921875000000001 0.9015625 0.3921875000000001
1 0.878125 0.7203125000000001 0.771875 0.7203125000000001 0.7718750000000001 0.8171875 0.878125 0.8171875
0 0.4468750000000002 0.7375 0.42187500000000017 0.7375 0.42187500000000017 0.746875 0.4468750000000002 0.746875
0 0.44843750000000016 0.7375 0.3859375000000001 0.7375 0.3859375000000001 0.7515625 0.44843750000000016 0.7515625
0 0.29375000000000007 0.7140625 0.2250000000000001 0.7140625 0.2250000000000001 0.725 0.29375000000000007 0.725
0 0.1359375000000001 0.7296875 0.07343750000000009 0.7296875 0.07343750000000009 0.7375 0.1359375000000001 0.7375
0 0.8671875 0.3437500000000001 0.7984375 0.3437500000000001 0.7984375 0.3578125000000001 0.8671875 0.3578125000000001
0 0.3953125 0.33437500000000003 0.3359375 0.334375 0.3359375 0.35937500000000006 0.3953125 0.3593750000000001
0 0.2078125 0.34375 0.14531250000000004 0.34375 0.14531250000000004 0.3546875 0.2078125 0.3546875