2 0.834375 0.3515625000000001 0.7453125 0.3515625000000001 0.7453125 0.3921875000000001 0.834375 0.3921875000000001
2 0.33437500000000003 0.315625 0.2625 0.315625 0.26250000000000007 0.3640625 0.3343750000000001 0.3640625
3 0.3296875 0.203125 0.275 0.203125 0.275 0.3 0.3296875 0.3
3 0.8296875 0.2328125000000001 0.7609375 0.2328125000000001 0.7609375 0.3265625000000001 0.8296875 0.3265625000000001
0 0.8890625 0.2000000000000001 0.8328125 0.2000000000000001 0.8328125 0.23593750000000008 0.8890625 0.23593750000000008
0 0.771875 0.2000000000000001 0.7234375 0.2000000000000001 0.7234375 0.2328125000000001 0.771875 0.2328125000000001
0 0.278125 0.17812500000000003 0.2328125 0.17812500000000003 0.2328125 0.2078125 0.278125 0.2078125
0 0.371875 0.19843750000000004 0.3328125 0.19843750000000004 0.3328125 0.22500000000000003 0.371875 0.2250000000000001
1 0.9109375 0.0859375000000001 0.7 0.08593750000000008 0.7 0.4531250000000001 0.9109375 0.45312500000000017
1 0.38906250000000003 0.06093750000000003 0.18125 0.06093750000000002 0.18125000000000002 0.409375 0.3890625000000001 0.409375
0 0.3703125 0.17656250000000004 0.2296875 0.17656250000000004 0.2296875 0.22500000000000003 0.3703125 0.2250000000000001
0 0.890625 0.19687500000000008 0.725 0.19687500000000008 0.725 0.2390625000000001 0.890625 0.2390625000000001