2 0.834375 0.4156250000000001 0.678125 0.415625 0.678125 0.4531250000000001 0.834375 0.45312500000000017
2 0.3531250000000001 0.409375 0.2515625000000001 0.409375 0.2515625000000001 0.4421875 0.3531250000000001 0.4421875
3 0.8109375 0.2906250000000001 0.6859375 0.2906250000000001 0.6859375 0.3921875000000001 0.8109375 0.3921875000000001
3 0.33437500000000003 0.3234375 0.25 0.3234375 0.25000000000000006 0.4 0.3343750000000001 0.4
0 0.690625 0.2687500000000001 0.6046875 0.2687500000000001 0.6046875 0.3031250000000001 0.690625 0.3031250000000001
0 0.8953125 0.2531250000000001 0.8015625 0.2531250000000001 0.8015625 0.2921875000000001 0.8953125 0.2921875000000001
0 0.3734375 0.30312500000000003 0.3171875 0.303125 0.3171875 0.32500000000000007 0.3734375 0.32500000000000007
0 0.2421875 0.315625 0.18906250000000005 0.315625 0.18906250000000005 0.3375 0.2421875 0.3375
0 0.8984375 0.2515625000000001 0.6 0.2515625000000001 0.6 0.3031250000000001 0.8984375 0.3031250000000001
0 0.375 0.30156250000000007 0.18593750000000003 0.3015625 0.18593750000000003 0.3375 0.375 0.3375000000000001
1 0.95625 0.10781250000000012 0.5734375 0.10781250000000009 0.5734375 0.5125000000000001 0.95625 0.5125000000000002
1 0.4328125 0.25312500000000004 0.16875000000000004 0.253125 0.16875000000000004 0.4765625 0.4328125 0.4765625