2 0.7765625 0.5015625000000001 0.6984375 0.5015625 0.6984375 0.5421875 0.7765625 0.5421875000000002
2 0.55625 0.4828125 0.5234375 0.4828125 0.5234375 0.50625 0.55625 0.50625
2 0.17968750000000006 0.321875 0.13437500000000005 0.321875 0.13437500000000005 0.353125 0.17968750000000006 0.353125
3 0.7609375 0.5468750000000001 0.7046875 0.546875 0.7046875 0.6250000000000001 0.7609375 0.6250000000000002
3 0.18281250000000004 0.35 0.14531250000000004 0.35 0.14531250000000004 0.3984375 0.18281250000000004 0.3984375
3 0.546875 0.5125 0.5203125 0.5125 0.5203125 0.553125 0.546875 0.553125
3 0.3437500000000001 0.5234375 0.3218750000000001 0.5234375 0.3218750000000001 0.5578125 0.3437500000000001 0.5578125
0 0.7953125 0.6296875000000002 0.753125 0.6296875000000002 0.753125 0.6546875000000002 0.7953125 0.6546875000000002
0 0.7109375 0.621875 0.6734375 0.621875 0.6734375 0.6421875 0.7109375 0.6421875
0 0.51875 0.5390625 0.5015625 0.5390625 0.5015625 0.5546875 0.51875 0.5546875
0 0.5546875 0.553125 0.5390625 0.553125 0.5390625 0.56875 0.5546875 0.56875
0 0.3625000000000001 0.5484375 0.3453125000000001 0.5484375 0.3453125000000001 0.5625 0.3625000000000001 0.5625
0 0.3265625000000001 0.55625 0.3140625000000001 0.55625 0.3140625000000001 0.56875 0.3265625000000001 0.56875
0 0.16562500000000005 0.403125 0.14375000000000004 0.403125 0.14375000000000004 0.4203125 0.16562500000000005 0.4203125
0 0.2156250000000001 0.375 0.18750000000000006 0.375 0.18750000000000006 0.39375 0.2156250000000001 0.39375
0 0.8 0.6187500000000001 0.671875 0.61875 0.671875 0.6562500000000001 0.8 0.6562500000000002
1 0.23437500000000006 0.2703125 0.12031250000000004 0.2703125 0.12031250000000004 0.4375 0.23437500000000008 0.4375
1 0.3750000000000001 0.478125 0.3046875000000001 0.478125 0.3046875000000001 0.596875 0.3750000000000001 0.596875
1 0.5671875 0.459375 0.4953125 0.459375 0.4953125 0.603125 0.5671875 0.603125
1 0.8390625 0.4546875000000001 0.65625 0.4546875 0.6562500000000001 0.7640625000000001 0.8390625 0.7640625000000002