2 0.6515625 0.53125 0.590625 0.53125 0.590625 0.5765625 0.6515625 0.5765625
2 0.3234375000000001 0.490625 0.2515625000000001 0.490625 0.2515625000000001 0.528125 0.3234375000000001 0.528125
3 0.6359375 0.4328125 0.584375 0.4328125 0.584375 0.5171875 0.6359375 0.5171875
3 0.3265625000000001 0.3890625 0.2718750000000001 0.3890625 0.2718750000000001 0.4734375 0.3265625000000001 0.4734375
0 0.5765625 0.4359375 0.5421875 0.4359375 0.5421875 0.465625 0.5765625 0.465625
0 0.653125 0.4015625 0.6171875 0.4015625 0.6171875 0.4328125 0.653125 0.4328125
0 0.28437500000000004 0.35 0.234375 0.35 0.23437500000000006 0.3828125 0.2843750000000001 0.3828125
0 0.3593750000000001 0.378125 0.32500000000000007 0.378125 0.32500000000000007 0.403125 0.3593750000000001 0.403125
0 0.65625 0.4 0.5390625 0.4 0.5390625 0.4671875 0.65625 0.4671875
0 0.36250000000000004 0.35 0.2328125 0.35 0.23281250000000003 0.40625 0.3625000000000001 0.40625
1 0.36718750000000006 0.22187500000000004 0.17812500000000003 0.221875 0.17812500000000006 0.5828125 0.3671875000000001 0.5828125
1 0.6875 0.3203125000000001 0.53125 0.3203125000000001 0.53125 0.61875 0.6875 0.61875