2 0.3843750000000001 0.8140625 0.32500000000000007 0.8140625 0.32500000000000007 0.8828125 0.3843750000000001 0.8828125
2 0.378125 0.18750000000000006 0.340625 0.18750000000000006 0.340625 0.27812500000000007 0.378125 0.27812500000000007
3 0.30937500000000007 0.83125 0.2093750000000001 0.83125 0.2093750000000001 0.890625 0.30937500000000007 0.890625
3 0.3171875 0.19531250000000006 0.2640625 0.19531250000000006 0.2640625 0.2640625 0.3171875 0.2640625
0 0.2234375 0.13437500000000005 0.1828125 0.13437500000000005 0.18281250000000002 0.19218750000000004 0.2234375 0.19218750000000004
0 0.2265625 0.2546875 0.19218750000000004 0.2546875 0.19218750000000004 0.3078125 0.2265625 0.3078125
0 0.2296875000000001 0.7875 0.2078125000000001 0.7875 0.2078125000000001 0.8375 0.2296875000000001 0.8375
0 0.2234375000000001 0.8890625 0.20468750000000008 0.8890625 0.20468750000000008 0.9296875 0.2234375000000001 0.9296875
0 0.228125 0.13281250000000003 0.18125 0.1328125 0.18125000000000002 0.309375 0.228125 0.309375
1 0.4515625 0.12500000000000003 0.03593750000000001 0.125 0.035937500000000025 0.33281250000000007 0.4515625 0.33281250000000007
1 0.4312500000000002 0.7484375 0.05937500000000009 0.7484375 0.0593750000000001 0.9453125 0.4312500000000002 0.9453125
0 0.2406250000000001 0.7796875 0.2062500000000001 0.7796875 0.2062500000000001 0.9296875 0.2406250000000001 0.9296875