2 0.5390625 0.17968750000000006 0.5234375 0.17968750000000006 0.5234375 0.2390625000000001 0.5390625 0.2390625000000001
2 0.5046875 0.63125 0.4796875 0.63125 0.4796875 0.70625 0.5046875 0.70625
3 0.471875 0.640625 0.4296875 0.640625 0.4296875 0.696875 0.471875 0.696875
3 0.515625 0.18281250000000004 0.471875 0.18281250000000004 0.471875 0.22656250000000008 0.515625 0.22656250000000008
0 0.478125 0.2234375000000001 0.465625 0.2234375000000001 0.465625 0.2500000000000001 0.478125 0.2500000000000001
0 0.434375 0.60625 0.41875 0.60625 0.41875 0.64375 0.434375 0.64375
0 0.4796875 0.15468750000000003 0.4671875 0.15468750000000003 0.4671875 0.18593750000000003 0.4796875 0.18593750000000003
0 0.4328125000000001 0.690625 0.41875 0.690625 0.41875000000000007 0.73125 0.43281250000000016 0.73125
0 0.43437500000000007 0.603125 0.415625 0.603125 0.4156250000000001 0.7328125 0.4343750000000002 0.7328125
0 0.4796875 0.15312500000000004 0.4640625 0.15312500000000004 0.4640625 0.2531250000000001 0.4796875 0.2531250000000001
1 0.5328125000000001 0.584375 0.3546875000000001 0.584375 0.3546875000000001 0.746875 0.5328125000000001 0.746875
1 0.5625 0.13750000000000007 0.41875 0.13750000000000004 0.41875 0.2875000000000001 0.5625 0.2875000000000001