1 0.3375 0.2140625 0.2671875 0.2140625 0.2671875 0.321875 0.3375 0.321875
2 0.7125 0.5171875 0.6390625 0.5171875 0.6390625 0.5515625 0.7125 0.5515625
2 0.4515625 0.421875 0.4125 0.421875 0.4125 0.446875 0.4515625 0.446875
3 0.703125 0.415625 0.6484375 0.415625 0.6484375 0.5 0.703125 0.5
3 0.4546875 0.3812500000000001 0.4234375 0.3812500000000001 0.4234375 0.425 0.4546875 0.425
3 0.703125 0.4578125 0.65 0.4578125 0.65 0.4984375 0.703125 0.4984375
3 0.4890625 0.13125000000000003 0.4703125 0.13125000000000003 0.4703125 0.16406250000000006 0.4890625 0.16406250000000006
3 0.3953125 0.14531250000000004 0.3765625 0.14531250000000004 0.3765625 0.17656250000000004 0.3953125 0.17656250000000004
0 0.7421875 0.3921875000000001 0.696875 0.3921875000000001 0.696875 0.4234375000000001 0.7421875 0.4234375000000002
0 0.65 0.403125 0.6109375 0.403125 0.6109375 0.43125 0.65 0.43125
0 0.434375 0.3546875000000001 0.4109375 0.3546875000000001 0.4109375 0.3765625000000001 0.434375 0.3765625000000001
0 0.7453125 0.3906250000000001 0.6078125 0.3906250000000001 0.6078125 0.4312500000000001 0.7453125 0.4312500000000002
0 0.478125 0.3781250000000001 0.4609375 0.3781250000000001 0.4609375 0.3968750000000001 0.478125 0.3968750000000001
0 0.5734375 0.2015625000000001 0.553125 0.2015625000000001 0.553125 0.22031250000000008 0.5734375 0.22031250000000008
0 0.3265625 0.2625 0.3140625 0.2625 0.3140625 0.278125 0.3265625 0.278125
0 0.4828125 0.3750000000000001 0.4578125 0.3750000000000001 0.4578125 0.403125 0.4828125 0.403125
1 0.7703125 0.2968750000000001 0.590625 0.2968750000000001 0.590625 0.6015625000000001 0.7703125 0.6015625000000002
1 0.490625 0.3078125000000001 0.3828125 0.3078125000000001 0.38281250000000006 0.478125 0.490625 0.478125
1 0.5171875 0.08593750000000006 0.4515625 0.08593750000000004 0.4515625 0.2093750000000001 0.5171875 0.2093750000000001
1 0.4234375 0.09531250000000005 0.3515625 0.09531250000000005 0.3515625 0.21718750000000003 0.4234375 0.2171875000000001
1 0.609375 0.1437500000000001 0.5453125 0.1437500000000001 0.5453125 0.2906250000000001 0.609375 0.2906250000000001
3 0.3140625 0.25625 0.2953125 0.25625 0.2953125 0.2921875 0.3140625 0.2921875
0 0.2984375 0.234375 0.2796875 0.234375 0.2796875 0.2578125 0.2984375 0.2578125
2 0.3109375 0.2859375 0.278125 0.2859375 0.278125 0.3125 0.3109375 0.3125
0 0.41875 0.12968750000000004 0.3921875 0.12968750000000004 0.3921875 0.14531250000000004 0.41875 0.14531250000000004
0 0.371875 0.13906250000000003 0.3578125 0.13906250000000003 0.3578125 0.15312500000000004 0.371875 0.15312500000000004
2 0.40625 0.17812500000000003 0.3734375 0.17812500000000003 0.3734375 0.19687500000000005 0.40625 0.19687500000000005
0 0.33125 0.2359375 0.2828125 0.2359375 0.2828125 0.2796875 0.33125 0.2796875
0 0.421875 0.12968750000000004 0.35625 0.12968750000000004 0.35625 0.15781250000000005 0.421875 0.15781250000000005
0 0.6015625 0.1843750000000001 0.584375 0.1843750000000001 0.584375 0.20468750000000008 0.6015625 0.20468750000000008
0 0.603125 0.1828125000000001 0.553125 0.1828125000000001 0.553125 0.2156250000000001 0.603125 0.2156250000000001
0 0.471875 0.11875000000000005 0.4578125 0.11875000000000005 0.4578125 0.13593750000000004 0.471875 0.13593750000000004
0 0.509375 0.12187500000000004 0.490625 0.12187500000000004 0.490625 0.14062500000000006 0.509375 0.14062500000000006
0 0.509375 0.11718750000000004 0.4546875 0.11718750000000004 0.4546875 0.13906250000000003 0.509375 0.13906250000000003
2 0.503125 0.16718750000000004 0.4578125 0.16718750000000004 0.4578125 0.18906250000000005 0.503125 0.18906250000000005
2 0.6078125 0.2375000000000001 0.5765625 0.2375000000000001 0.5765625 0.2640625000000001 0.6078125 0.2640625000000001
3 0.603125 0.2000000000000001 0.5796875 0.2000000000000001 0.5796875 0.2375000000000001 0.603125 0.2375000000000001