2 0.471875 0.39531250000000007 0.409375 0.39531250000000007 0.409375 0.4453125 0.471875 0.4453125
2 0.8484375 0.4234375000000002 0.7328125 0.4234375000000002 0.7328125 0.46093750000000017 0.8484375 0.46093750000000017
3 0.8296875 0.2468750000000001 0.7375 0.2468750000000001 0.7375 0.3906250000000001 0.8296875 0.3906250000000001
3 0.4765625 0.31718750000000007 0.4296875 0.31718750000000007 0.4296875 0.38750000000000007 0.4765625 0.38750000000000007
0 0.903125 0.1984375000000001 0.8234375 0.1984375000000001 0.8234375 0.2531250000000001 0.903125 0.2531250000000001
0 0.7390625 0.22812500000000008 0.6765625 0.22812500000000008 0.6765625 0.2750000000000001 0.7390625 0.2750000000000001
0 0.434375 0.2968750000000001 0.4 0.2968750000000001 0.4 0.3218750000000001 0.434375 0.3218750000000001
0 0.4890625 0.3109375000000001 0.4640625 0.3109375000000001 0.4640625 0.3375000000000001 0.4890625 0.3375000000000001
0 0.90625 0.19531250000000008 0.671875 0.19531250000000008 0.671875 0.2765625000000001 0.90625 0.2765625000000001
0 0.490625 0.2953125000000001 0.396875 0.2953125000000001 0.396875 0.34062500000000007 0.490625 0.34062500000000007
1 0.959375 0.0484375000000001 0.6578125 0.04843750000000008 0.6578125 0.5640625000000001 0.959375 0.5640625000000001
1 0.49375 0.20937500000000003 0.346875 0.209375 0.34687500000000004 0.484375 0.49375 0.484375