2 0.37968750000000007 0.54375 0.34843750000000007 0.54375 0.34843750000000007 0.5921875 0.37968750000000007 0.5921875
2 0.36875 0.34062500000000007 0.340625 0.340625 0.34062500000000007 0.39062500000000006 0.3687500000000001 0.3906250000000001
3 0.44375 0.553125 0.3859375000000001 0.553125 0.3859375000000001 0.5875 0.44375 0.5875
3 0.4453125 0.3500000000000001 0.3828125 0.3500000000000001 0.38281250000000006 0.3859375000000001 0.4453125 0.3859375000000001
0 0.453125 0.590625 0.4296875 0.590625 0.4296875 0.61875 0.453125 0.61875
0 0.46875 0.5359375 0.44375 0.5359375 0.44375 0.5609375 0.46875 0.5609375
0 0.4609375 0.3218750000000001 0.4390625 0.3218750000000001 0.4390625 0.3531250000000001 0.4609375 0.3531250000000001
0 0.4625 0.3812500000000001 0.440625 0.3812500000000001 0.440625 0.4078125 0.4625 0.4078125
0 0.4703125 0.5328125 0.4296875 0.5328125 0.4296875 0.6203125 0.4703125 0.6203125
0 0.465625 0.3203125000000001 0.4375 0.3203125000000001 0.4375 0.409375 0.465625 0.409375
1 0.559375 0.30156250000000007 0.3 0.3015625 0.30000000000000004 0.4203125 0.559375 0.4203125
1 0.54375 0.5203125 0.3031250000000001 0.5203125 0.3031250000000001 0.6359375 0.54375 0.6359375