1 0.7203125 0.3359375000000001 0.525 0.3359375000000001 0.525 0.5125 0.7203125 0.5125
2 0.5828125 0.3890625000000001 0.5578125 0.3890625000000001 0.5578125 0.465625 0.5828125 0.465625
2 0.8984375 0.5734375000000002 0.884375 0.5734375000000002 0.884375 0.6125000000000002 0.8984375 0.6125000000000002
3 0.6484375 0.4015625 0.5921875 0.4015625 0.5921875 0.4609375 0.6484375 0.4609375
3 0.9390625 0.5750000000000002 0.90625 0.5750000000000002 0.90625 0.6109375000000001 0.9390625 0.6109375000000001
0 0.65625 0.3625000000000001 0.6390625 0.3625000000000001 0.6390625 0.40625 0.65625 0.40625
0 0.653125 0.4578125 0.634375 0.4578125 0.634375 0.4953125 0.653125 0.4953125
0 0.9421875 0.5562500000000001 0.9296875 0.5562500000000001 0.9296875 0.5812500000000002 0.9421875 0.5812500000000002
0 0.934375 0.6015625000000002 0.921875 0.6015625000000002 0.921875 0.6234375000000002 0.934375 0.6234375000000002
0 0.9421875 0.5546875000000002 0.9234375 0.5546875000000002 0.9234375 0.6250000000000002 0.9421875 0.6250000000000002
0 0.6578125 0.3609375000000001 0.6328125 0.3609375000000001 0.6328125 0.4984375 0.6578125 0.4984375
1 0.9640625 0.5296875000000002 0.859375 0.5296875000000002 0.859375 0.6343750000000001 0.9640625 0.6343750000000001