2 0.490625 0.584375 0.45625 0.584375 0.45625 0.628125 0.490625 0.628125
2 0.71875 0.5875 0.6703125 0.5875 0.6703125 0.6171875 0.71875 0.6171875
3 0.715625 0.521875 0.6796875 0.521875 0.6796875 0.5796875 0.715625 0.5796875
3 0.4765625 0.5359375 0.4453125 0.5359375 0.4453125 0.5953125 0.4765625 0.5953125
0 0.4375 0.5359375 0.4109375 0.5359375 0.4109375 0.5625 0.4375 0.5625
0 0.484375 0.5046875 0.4625 0.5046875 0.4625 0.5296875 0.484375 0.5296875
0 0.6890625 0.5015625 0.6640625 0.5015625 0.6640625 0.5234375 0.6890625 0.5234375
0 0.7453125 0.5125000000000001 0.715625 0.5125 0.715625 0.5328125000000001 0.7453125 0.5328125000000001
0 0.4859375 0.5015625 0.409375 0.5015625 0.409375 0.5640625 0.4859375 0.5640625
0 0.7484375 0.5000000000000001 0.6640625 0.5 0.6640625 0.534375 0.7484375 0.5343750000000002
1 0.765625 0.4140625000000001 0.6484375 0.4140625 0.6484375 0.6515625 0.765625 0.6515625000000002
1 0.509375 0.4484375 0.3968750000000001 0.4484375 0.3968750000000001 0.6671875 0.509375 0.6671875