2 0.4859375000000001 0.71875 0.4515625 0.71875 0.4515625000000001 0.80625 0.4859375000000002 0.80625
2 0.584375 0.4375 0.553125 0.4375 0.553125 0.4953125 0.584375 0.4953125
3 0.5875000000000001 0.728125 0.5000000000000002 0.728125 0.5000000000000002 0.79375 0.5875000000000001 0.79375
3 0.64375 0.440625 0.5875 0.440625 0.5875 0.48125 0.64375 0.48125
0 0.6187500000000001 0.6921875 0.5875 0.6921875 0.5875000000000001 0.7359375 0.6187500000000001 0.7359375
0 0.6453125 0.4078125 0.628125 0.4078125 0.628125 0.4296875 0.6453125 0.4296875
0 0.5921875000000002 0.7875 0.5734375000000002 0.7875 0.5734375000000002 0.8484375 0.5921875000000002 0.8484375
0 0.6765625 0.4640625 0.6546875 0.4640625 0.6546875 0.4890625 0.6765625 0.4890625
0 0.6203125 0.690625 0.571875 0.690625 0.5718750000000001 0.85 0.6203125000000002 0.85
0 0.678125 0.40625 0.6265625 0.40625 0.6265625 0.4921875 0.678125 0.4921875
0 0.628125 0.6125 0.615625 0.6125 0.615625 0.6296875 0.628125 0.6296875
0 0.6703125 0.4640625 0.6546875 0.4640625 0.6546875 0.4765625 0.6703125 0.4765625
0 0.6265625 0.590625 0.609375 0.590625 0.609375 0.60625 0.6265625 0.60625
1 0.7281250000000001 0.6718750000000001 0.3843750000000001 0.671875 0.3843750000000001 0.884375 0.7281250000000001 0.884375
1 0.7359375 0.3859375000000001 0.50625 0.3859375000000001 0.50625 0.5234375000000001 0.7359375 0.5234375000000002
1 0.646875 0.59375 0.5625 0.59375 0.5625 0.6515625 0.646875 0.6515625