2 0.2968750000000001 0.4203125 0.2156250000000001 0.4203125 0.2156250000000001 0.453125 0.2968750000000001 0.453125
2 0.784375 0.3734375000000001 0.7078125 0.3734375000000001 0.7078125 0.4093750000000001 0.784375 0.40937500000000016
3 0.28437500000000004 0.3078125 0.221875 0.3078125 0.22187500000000004 0.4 0.2843750000000001 0.4
3 0.778125 0.2843750000000001 0.7234375 0.2843750000000001 0.7234375 0.35625000000000007 0.778125 0.35625000000000007
3 0.5859375 0.2843750000000001 0.5703125 0.2843750000000001 0.5703125 0.3140625000000001 0.5859375 0.3140625000000001
0 0.3265625 0.2828125 0.278125 0.2828125 0.278125 0.3140625 0.3265625 0.3140625
0 0.221875 0.2859375 0.17343750000000005 0.2859375 0.17343750000000005 0.3171875 0.221875 0.3171875
0 0.8375 0.2578125000000001 0.7875 0.2578125000000001 0.7875 0.2812500000000001 0.8375 0.2812500000000001
0 0.7359375 0.2562500000000001 0.709375 0.2562500000000001 0.709375 0.27812500000000007 0.7359375 0.27812500000000007
0 0.3296875 0.2796875 0.17031250000000003 0.2796875 0.17031250000000003 0.3171875 0.3296875 0.3171875
0 0.8390625 0.2531250000000001 0.70625 0.2531250000000001 0.70625 0.2828125000000001 0.8390625 0.2828125000000001
1 0.36250000000000004 0.18593750000000003 0.15781250000000005 0.1859375 0.15781250000000005 0.5078125 0.3625000000000001 0.5078125
1 0.8828125 0.1390625000000001 0.678125 0.1390625000000001 0.678125 0.4718750000000001 0.8828125 0.47187500000000016
1 0.6296875 0.23437500000000008 0.571875 0.23437500000000008 0.571875 0.3625000000000001 0.6296875 0.3625000000000001