2 0.290625 0.14531250000000004 0.253125 0.14531250000000004 0.253125 0.15781250000000005 0.290625 0.15781250000000005
2 0.7796875000000002 0.7640625000000002 0.7453125000000002 0.7640625000000002 0.7453125000000002 0.7765625000000002 0.7796875000000002 0.7765625000000002
2 0.2843750000000001 0.453125 0.2484375000000001 0.453125 0.2484375000000001 0.4625 0.2843750000000001 0.4625
2 0.721875 0.4546875 0.684375 0.4546875 0.684375 0.4640625 0.721875 0.4640625
2 0.7109375 0.1750000000000001 0.6765625 0.1750000000000001 0.6765625 0.1843750000000001 0.7109375 0.1843750000000001
2 0.2484375000000001 0.7625 0.2171875000000001 0.7625 0.2171875000000001 0.771875 0.2484375000000001 0.771875
3 0.284375 0.11875000000000005 0.2546875 0.11875000000000005 0.2546875 0.14218750000000005 0.284375 0.14218750000000005
3 0.7734375000000002 0.7406250000000002 0.7453125000000002 0.7406250000000002 0.7453125000000002 0.7625000000000002 0.7734375000000002 0.7625000000000002
3 0.27812500000000007 0.428125 0.2500000000000001 0.428125 0.2500000000000001 0.4484375 0.27812500000000007 0.4484375
3 0.7078125 0.1531250000000001 0.6828125 0.1531250000000001 0.6828125 0.17187500000000008 0.7078125 0.17187500000000008
3 0.7171875 0.43125 0.6890625 0.43125 0.6890625 0.45 0.7171875 0.45
3 0.24375000000000008 0.740625 0.21875000000000008 0.740625 0.21875000000000008 0.759375 0.24375000000000008 0.759375
0 0.2546875 0.11406250000000004 0.2328125 0.11406250000000004 0.2328125 0.12343750000000005 0.2546875 0.12343750000000005
0 0.303125 0.11406250000000004 0.28125 0.11406250000000004 0.28125 0.12343750000000005 0.303125 0.12343750000000005
0 0.7437500000000001 0.7359375000000001 0.7234375000000002 0.7359375 0.7234375000000002 0.7453125 0.7437500000000001 0.7453125000000002
0 0.6890625 0.425 0.6703125 0.425 0.6703125 0.4328125 0.6890625 0.4328125
0 0.7890625000000002 0.7328125000000002 0.7703125000000002 0.7328125000000002 0.7703125000000002 0.7421875000000002 0.7890625000000002 0.7421875000000002
0 0.2953125000000001 0.4234375 0.2734375000000001 0.4234375 0.2734375000000001 0.43125 0.2953125000000001 0.43125
0 0.6859375 0.15000000000000008 0.6703125 0.15000000000000008 0.6703125 0.15781250000000008 0.6859375 0.15781250000000008
0 0.7234375 0.15000000000000008 0.7078125 0.15000000000000008 0.7078125 0.15625000000000008 0.7234375 0.15625000000000008
0 0.2500000000000001 0.4234375 0.2328125000000001 0.4234375 0.2328125000000001 0.43125 0.2500000000000001 0.43125
0 0.7359375 0.4234375000000001 0.7140625 0.4234375 0.7140625 0.4312500000000001 0.7359375 0.4312500000000002
0 0.2593750000000001 0.734375 0.24218750000000008 0.734375 0.24218750000000008 0.7421875 0.2593750000000001 0.7421875
0 0.2171875000000001 0.7375 0.2015625000000001 0.7375 0.2015625000000001 0.7453125 0.2171875000000001 0.7453125
0 0.3046875 0.11093750000000005 0.23125 0.11093750000000005 0.23125 0.12343750000000005 0.3046875 0.12343750000000005
0 0.7265625 0.14843750000000008 0.66875 0.14843750000000008 0.66875 0.15781250000000008 0.7265625 0.15781250000000008
0 0.7921875000000002 0.7328125000000001 0.7218750000000002 0.7328125 0.7218750000000002 0.7453125 0.7921875000000002 0.7453125000000002
0 0.2968750000000001 0.421875 0.2312500000000001 0.421875 0.2312500000000001 0.4328125 0.2968750000000001 0.4328125
0 0.7375 0.4218750000000001 0.66875 0.421875 0.66875 0.43437500000000007 0.7375 0.4343750000000002
0 0.26250000000000007 0.7328125 0.2000000000000001 0.7328125 0.2000000000000001 0.7453125 0.26250000000000007 0.7453125
1 0.3203125 0.08906250000000003 0.2234375 0.08906250000000002 0.2234375 0.17031250000000003 0.3203125 0.17031250000000003
1 0.73125 0.12500000000000008 0.65625 0.12500000000000008 0.65625 0.1937500000000001 0.73125 0.1937500000000001
1 0.7453125 0.3984375000000001 0.6609375 0.3984375000000001 0.6609375 0.4765625000000001 0.7453125 0.47656250000000017
1 0.3109375000000001 0.4 0.22656250000000008 0.4 0.22656250000000008 0.4765625 0.3109375000000001 0.4765625
1 0.8015625 0.7109375000000001 0.7171875 0.7109375 0.7171875000000001 0.7890625000000001 0.8015625 0.7890625000000002
1 0.2687500000000001 0.7109375 0.1906250000000001 0.7109375 0.1906250000000001 0.7828125 0.2687500000000001 0.7828125