2 0.4625 0.4546875 0.37187500000000007 0.4546875 0.37187500000000007 0.5109375 0.4625 0.5109375
2 0.725 0.19687500000000008 0.6671875 0.19687500000000008 0.6671875 0.2375000000000001 0.725 0.2375000000000001
3 0.45 0.33281250000000007 0.3796875 0.33281250000000007 0.37968750000000007 0.4296875 0.45 0.4296875
3 0.715625 0.10937500000000008 0.665625 0.10937500000000008 0.665625 0.1828125000000001 0.715625 0.1828125000000001
3 0.4484375 0.3812500000000001 0.3859375000000001 0.3812500000000001 0.3859375000000001 0.4296875 0.4484375 0.4296875
0 0.3828125 0.31562500000000004 0.3328125 0.315625 0.3328125 0.35000000000000003 0.3828125 0.3500000000000001
0 0.484375 0.3187500000000001 0.440625 0.3187500000000001 0.440625 0.3500000000000001 0.484375 0.3500000000000001
0 0.734375 0.0828125000000001 0.703125 0.0828125000000001 0.703125 0.1062500000000001 0.734375 0.1062500000000001
0 0.665625 0.10312500000000009 0.634375 0.10312500000000009 0.634375 0.1281250000000001 0.665625 0.1281250000000001
0 0.4875 0.31250000000000006 0.3296875 0.3125 0.3296875 0.353125 0.4875 0.3531250000000001
0 0.7359375 0.07968750000000008 0.6234375 0.07968750000000006 0.6234375 0.1359375000000001 0.7359375 0.1359375000000001
1 0.509375 0.2828125 0.290625 0.2828125 0.290625 0.55 0.509375 0.55
1 0.753125 0.040625000000000085 0.5953125 0.04062500000000008 0.5953125 0.2843750000000001 0.753125 0.2843750000000001