2 0.784375 0.6062500000000002 0.771875 0.6062500000000002 0.771875 0.6390625000000002 0.784375 0.6390625000000002
2 0.1984375000000001 0.575 0.1859375000000001 0.575 0.1859375000000001 0.60625 0.1984375000000001 0.60625
2 0.7890625 0.1437500000000001 0.7796875 0.1437500000000001 0.7796875 0.1781250000000001 0.7890625 0.1781250000000001
2 0.78125 0.3109375000000001 0.771875 0.3109375000000001 0.771875 0.3375000000000001 0.78125 0.3375000000000001
2 0.7906250000000001 0.7781250000000002 0.7796875000000002 0.7781250000000002 0.7796875000000002 0.80625 0.7906250000000001 0.80625
2 0.4890625000000002 0.753125 0.47968750000000016 0.753125 0.47968750000000016 0.7828125 0.4890625000000002 0.7828125
2 0.5 0.59375 0.490625 0.59375 0.490625 0.625 0.5 0.625
2 0.2921875000000001 0.6828125 0.2828125000000001 0.6828125 0.2828125000000001 0.7109375 0.2921875000000001 0.7109375
2 0.4578125 0.15781250000000005 0.45 0.15781250000000005 0.45 0.18906250000000005 0.4578125 0.18906250000000005
2 0.184375 0.1296875 0.175 0.1296875 0.175 0.16250000000000003 0.184375 0.16250000000000003
2 0.1750000000000001 0.7609375 0.16562500000000008 0.7609375 0.16562500000000008 0.7828125 0.1750000000000001 0.7828125
2 0.4578125 0.3109375000000001 0.4484375 0.3109375000000001 0.4484375 0.3390625000000001 0.4578125 0.3390625000000001
2 0.5453125 0.23437500000000008 0.5359375 0.23437500000000008 0.5359375 0.2531250000000001 0.5453125 0.2531250000000001
2 0.85 0.6843750000000002 0.840625 0.6843750000000002 0.840625 0.7031250000000002 0.85 0.7031250000000002
2 0.2703125 0.2421875 0.2609375 0.2421875 0.2609375 0.26875 0.2703125 0.26875
2 0.8515625 0.2078125000000001 0.8421875 0.2078125000000001 0.8421875 0.2250000000000001 0.8515625 0.2250000000000001
2 0.5796875 0.671875 0.5703125 0.671875 0.5703125 0.6921875 0.5796875 0.6921875
3 0.2015625000000001 0.7609375 0.17968750000000008 0.7609375 0.17968750000000008 0.784375 0.2015625000000001 0.784375
3 0.596875 0.6734375 0.5828125 0.6734375 0.5828125 0.6921875 0.596875 0.6921875
3 0.8046875 0.1453125000000001 0.7890625 0.1453125000000001 0.7890625 0.1703125000000001 0.8046875 0.1703125000000001
3 0.17656250000000004 0.303125 0.15781250000000005 0.303125 0.15781250000000005 0.328125 0.17656250000000004 0.328125
3 0.3109375000000001 0.6859375 0.2921875000000001 0.6859375 0.2921875000000001 0.7078125 0.3109375000000001 0.7078125
3 0.2171875000000001 0.5828125 0.2000000000000001 0.5828125 0.2000000000000001 0.6078125 0.2171875000000001 0.6078125
3 0.5093750000000001 0.753125 0.4906250000000002 0.753125 0.4906250000000002 0.775 0.5093750000000001 0.775
3 0.5640625 0.22812500000000008 0.5484375 0.22812500000000008 0.5484375 0.2484375000000001 0.5640625 0.2484375000000001
3 0.8125 0.7781250000000002 0.7937500000000002 0.7781250000000002 0.7937500000000002 0.8 0.8125 0.8
3 0.478125 0.15937500000000004 0.459375 0.15937500000000004 0.459375 0.18437500000000004 0.478125 0.18437500000000004
3 0.5171875 0.596875 0.5015625 0.596875 0.5015625 0.61875 0.5171875 0.61875
3 0.8046875 0.6093750000000002 0.7859375 0.6093750000000002 0.7859375 0.6328125000000002 0.8046875 0.6328125000000002
3 0.8703125 0.2093750000000001 0.853125 0.2093750000000001 0.853125 0.22812500000000008 0.8703125 0.22812500000000008
3 0.203125 0.13593750000000004 0.1859375 0.13593750000000004 0.1859375 0.16093750000000004 0.203125 0.16093750000000004
3 0.8015625 0.3109375000000001 0.7828125 0.3109375000000001 0.7828125 0.3359375000000001 0.8015625 0.3359375000000001
3 0.8703125 0.6796875000000002 0.8515625 0.6796875000000002 0.8515625 0.7015625000000002 0.8703125 0.7015625000000002
3 0.2890625 0.246875 0.2703125 0.246875 0.2703125 0.26875 0.2890625 0.26875
3 0.478125 0.3125000000000001 0.459375 0.3125000000000001 0.459375 0.3359375000000001 0.478125 0.3359375000000001
0 0.8140625 0.16406250000000008 0.80625 0.16406250000000008 0.80625 0.18125000000000008 0.8140625 0.18125000000000008
0 0.809375 0.12656250000000008 0.8015625 0.12656250000000008 0.8015625 0.1437500000000001 0.809375 0.1437500000000001
0 0.809375 0.5921875000000002 0.8015625 0.5921875000000002 0.8015625 0.6093750000000002 0.809375 0.6093750000000002
0 0.809375 0.6328125000000002 0.803125 0.6328125000000002 0.803125 0.6484375000000002 0.809375 0.6484375000000002
0 0.4828125 0.14375000000000004 0.475 0.14375000000000004 0.475 0.15937500000000004 0.4828125 0.15937500000000004
0 0.209375 0.15937500000000004 0.2015625 0.15937500000000004 0.2015625 0.17812500000000003 0.209375 0.17812500000000003
0 0.80625 0.3312500000000001 0.8 0.3312500000000001 0.8 0.3468750000000001 0.80625 0.3468750000000001
0 0.5156250000000002 0.76875 0.5093750000000001 0.76875 0.5093750000000001 0.784375 0.5156250000000002 0.784375
0 0.2109375 0.11875000000000005 0.203125 0.11875000000000005 0.203125 0.13750000000000004 0.2109375 0.13750000000000004
0 0.5203125 0.5765625 0.5125 0.5765625 0.5125 0.5921875 0.5203125 0.5921875
0 0.48125 0.2953125000000001 0.475 0.2953125000000001 0.475 0.3109375000000001 0.48125 0.3109375000000001
0 0.8171875 0.7984375000000001 0.8109375 0.7984375000000001 0.8109375 0.8125 0.8171875 0.8125
0 0.815625 0.7625000000000002 0.809375 0.7625000000000002 0.809375 0.7765625000000002 0.815625 0.7765625000000002
0 0.22656250000000008 0.5703125 0.2171875000000001 0.5703125 0.2171875000000001 0.5875 0.22656250000000008 0.5875
0 0.3140625000000001 0.6765625 0.3078125000000001 0.6765625 0.3078125000000001 0.690625 0.3140625000000001 0.690625
0 0.3140625000000001 0.7078125 0.3078125000000001 0.7078125 0.3078125000000001 0.7234375 0.3140625000000001 0.7234375
0 0.4828125 0.18281250000000004 0.4765625 0.18281250000000004 0.4765625 0.19843750000000004 0.4828125 0.19843750000000004
0 0.871875 0.6953125000000002 0.865625 0.6953125000000002 0.865625 0.7109375000000002 0.871875 0.7109375000000002
0 0.8046875 0.2984375000000001 0.7984375 0.2984375000000001 0.7984375 0.3109375000000001 0.8046875 0.3109375000000001
0 0.6015625 0.6609375 0.5953125 0.6609375 0.5953125 0.6734375 0.6015625 0.6734375
0 0.17656250000000004 0.284375 0.16875000000000004 0.284375 0.16875000000000004 0.3 0.17656250000000004 0.3
0 0.5234375 0.6140625 0.5171875 0.6140625 0.5171875 0.6296875 0.5234375 0.6296875
0 0.8734375 0.22812500000000008 0.8671875 0.22812500000000008 0.8671875 0.24375000000000008 0.8734375 0.24375000000000008
0 0.290625 0.2671875 0.284375 0.2671875 0.284375 0.2796875 0.290625 0.2796875
0 0.5093750000000001 0.734375 0.5031250000000002 0.734375 0.5031250000000002 0.7484375 0.5093750000000001 0.7484375
0 0.484375 0.3312500000000001 0.478125 0.3312500000000001 0.478125 0.3453125000000001 0.484375 0.3453125000000001
0 0.2921875 0.234375 0.284375 0.234375 0.284375 0.25 0.2921875 0.25
0 0.871875 0.2000000000000001 0.865625 0.2000000000000001 0.865625 0.21250000000000008 0.871875 0.21250000000000008
0 0.5703125 0.24218750000000008 0.5640625 0.24218750000000008 0.5640625 0.25468750000000007 0.5703125 0.25468750000000007
0 0.603125 0.6890625 0.596875 0.6890625 0.596875 0.7015625 0.603125 0.7015625
0 0.565625 0.21250000000000008 0.559375 0.21250000000000008 0.559375 0.22656250000000008 0.565625 0.22656250000000008
0 0.18593750000000003 0.3140625 0.17656250000000004 0.3140625 0.17656250000000004 0.3265625 0.18593750000000003 0.3265625
0 0.20312500000000008 0.746875 0.19687500000000008 0.746875 0.19687500000000008 0.7625 0.20312500000000008 0.7625
0 0.8703125 0.6687500000000002 0.8640625 0.6687500000000002 0.8640625 0.6812500000000001 0.8703125 0.6812500000000001
0 0.8140625 0.12343750000000009 0.8015625 0.12343750000000009 0.8015625 0.1828125000000001 0.8140625 0.1828125000000001
0 0.6421875 0.66875 0.634375 0.66875 0.634375 0.6828125 0.6421875 0.6828125
1 0.8296875 0.11562500000000009 0.7703125 0.11562500000000009 0.7703125 0.1906250000000001 0.8296875 0.1906250000000001
1 0.3281250000000001 0.671875 0.2734375000000001 0.671875 0.2734375000000001 0.740625 0.3281250000000001 0.740625
1 0.8921875 0.19687500000000008 0.8359375 0.19687500000000008 0.8359375 0.2656250000000001 0.8921875 0.2656250000000001
1 0.8234375 0.2890625000000001 0.7640625 0.2890625000000001 0.7640625 0.3625000000000001 0.8234375 0.3625000000000001
1 0.8265625 0.5843750000000002 0.7640625 0.5843750000000002 0.7640625 0.6562500000000002 0.8265625 0.6562500000000002
1 0.5875 0.2093750000000001 0.534375 0.2093750000000001 0.534375 0.2843750000000001 0.5875 0.2843750000000001
1 0.2453125000000001 0.5578125 0.1765625000000001 0.5578125 0.1765625000000001 0.6296875 0.2453125000000001 0.6296875
1 0.23125 0.10781250000000002 0.165625 0.1078125 0.165625 0.17968750000000003 0.23125 0.17968750000000006
1 0.496875 0.13437500000000005 0.440625 0.13437500000000005 0.440625 0.2093750000000001 0.496875 0.2093750000000001
1 0.5421875 0.56875 0.484375 0.56875 0.484375 0.640625 0.5421875 0.640625
1 0.5312500000000002 0.7265625 0.4734375000000002 0.7265625 0.4734375000000002 0.7984375 0.5312500000000002 0.7984375
1 0.834375 0.7578125000000002 0.7734375000000002 0.7578125000000002 0.7734375000000002 0.8328125 0.834375 0.8328125
1 0.3109375 0.2171875 0.2546875 0.2171875 0.2546875 0.284375 0.3109375 0.284375
1 0.6218750000000001 0.6625 0.56875 0.6625 0.5687500000000001 0.728125 0.6218750000000002 0.728125
1 0.20625 0.278125 0.14531250000000004 0.278125 0.14531250000000004 0.34375 0.20625 0.34375
1 0.2328125000000001 0.7453125 0.1546875000000001 0.7453125 0.1546875000000001 0.8328125 0.2328125000000001 0.8328125
1 0.49375 0.2812500000000001 0.440625 0.2812500000000001 0.440625 0.3531250000000001 0.49375 0.3531250000000001
1 0.89375 0.6656250000000001 0.834375 0.6656250000000001 0.834375 0.7375000000000002 0.89375 0.7375000000000002