2 0.65 0.19531250000000008 0.609375 0.19531250000000008 0.609375 0.34843750000000007 0.65 0.34843750000000007
2 0.58125 0.671875 0.515625 0.671875 0.5156250000000001 0.771875 0.5812500000000002 0.771875
3 0.59375 0.22031250000000008 0.5 0.22031250000000008 0.5 0.3375000000000001 0.59375 0.3375000000000001
3 0.5125000000000001 0.6359375 0.44375 0.6359375 0.4437500000000001 0.740625 0.5125000000000002 0.740625
0 0.5109375 0.12656250000000005 0.4796875 0.12656250000000005 0.4796875 0.22656250000000008 0.5109375 0.22656250000000008
0 0.4953125 0.3281250000000001 0.4671875 0.3281250000000001 0.4671875 0.4078125 0.4953125 0.4078125
0 0.4578125 0.54375 0.4265625 0.54375 0.4265625 0.6125 0.4578125 0.6125
0 0.4046875000000001 0.6984375 0.37187500000000007 0.6984375 0.37187500000000007 0.7828125 0.4046875000000002 0.7828125
0 0.45781250000000007 0.540625 0.3703125000000001 0.540625 0.3703125000000001 0.790625 0.4578125000000002 0.790625
0 0.509375 0.12343750000000005 0.465625 0.12343750000000005 0.465625 0.4109375 0.509375 0.4109375
1 0.7078125 0.05468750000000007 0.3703125 0.05468750000000004 0.37031250000000004 0.4390625 0.7078125 0.4390625
1 0.6468750000000001 0.509375 0.3218750000000001 0.509375 0.3218750000000001 0.9078125 0.6468750000000002 0.9078125