2 0.3500000000000001 0.38125 0.15625000000000006 0.38125 0.15625000000000006 0.4484375 0.3500000000000001 0.4484375
2 0.8453125 0.44843750000000016 0.73125 0.44843750000000016 0.73125 0.5046875000000002 0.8453125 0.5046875000000002
3 0.8109375 0.3109375000000001 0.7328125 0.3109375000000001 0.7328125 0.42968750000000017 0.8109375 0.42968750000000017
3 0.309375 0.2125 0.17343750000000005 0.2125 0.17343750000000005 0.353125 0.309375 0.353125
0 0.1859375 0.11250000000000002 0.08750000000000002 0.1125 0.08750000000000002 0.17031250000000003 0.1859375 0.17031250000000003
0 0.725 0.3125000000000001 0.66875 0.3125000000000001 0.66875 0.34843750000000007 0.725 0.34843750000000007
0 0.85 0.2718750000000001 0.7921875 0.2718750000000001 0.7921875 0.3125000000000001 0.85 0.3125000000000001
0 0.3921875 0.12968750000000004 0.2875 0.12968750000000004 0.2875 0.17812500000000003 0.3921875 0.17812500000000003
0 0.853125 0.27031250000000007 0.6671875 0.27031250000000007 0.6671875 0.3500000000000001 0.853125 0.3500000000000001
0 0.39375 0.11093750000000002 0.08593750000000003 0.1109375 0.08593750000000003 0.18281250000000002 0.39375 0.18281250000000004
1 0.45625 3.1094547634600764e-17 0.0515625 6.31458505810354e-18 0.05156250000000003 0.584375 0.45625 0.584375
1 0.9140625 0.1500000000000001 0.6484375 0.15000000000000008 0.6484375 0.5781250000000001 0.9140625 0.5781250000000002