2 0.5109375 0.675 0.4796875 0.675 0.4796875000000001 0.75 0.5109375000000002 0.75
2 0.615625 0.475 0.5796875 0.475 0.5796875 0.5375 0.615625 0.5375
3 0.56875 0.484375 0.4890625 0.484375 0.4890625 0.5328125 0.56875 0.5328125
3 0.46562500000000007 0.6828125 0.3906250000000001 0.6828125 0.3906250000000001 0.7359375 0.4656250000000002 0.7359375
0 0.3906250000000001 0.73125 0.3625000000000001 0.73125 0.3625000000000001 0.775 0.3906250000000001 0.775
0 0.3968750000000001 0.6421875 0.3703125000000001 0.6421875 0.3703125000000001 0.6828125 0.3968750000000001 0.6828125
0 0.503125 0.53125 0.484375 0.53125 0.484375 0.5640625 0.503125 0.5640625
0 0.503125 0.45625 0.484375 0.45625 0.484375 0.4875 0.503125 0.4875
0 0.5046875 0.4546875 0.4796875 0.4546875 0.4796875 0.565625 0.5046875 0.565625
1 0.5625000000000001 0.6265625 0.2515625000000001 0.6265625 0.2515625000000001 0.7984375 0.5625000000000002 0.7984375
1 0.659375 0.4375 0.44375 0.4375 0.44375 0.584375 0.659375 0.584375
0 0.39531250000000007 0.6421875 0.3625000000000001 0.6421875 0.3625000000000001 0.7765625 0.39531250000000007 0.7765625