1 0.9484375 0.5937500000000001 0.5390625 0.59375 0.5390625000000001 0.825 0.9484375 0.825
2 0.6484375000000001 0.6484375 0.6046875 0.6484375 0.6046875 0.7375 0.6484375000000002 0.7375
2 0.765625 0.3656250000000001 0.734375 0.3656250000000001 0.734375 0.42500000000000016 0.765625 0.42500000000000016
3 0.8390625 0.3750000000000001 0.771875 0.3750000000000001 0.771875 0.42187500000000017 0.8390625 0.42187500000000017
3 0.7640625000000001 0.6625000000000001 0.6640625 0.6625 0.6640625000000001 0.7312500000000001 0.7640625000000002 0.7312500000000002
0 0.8 0.7343750000000002 0.7625000000000002 0.7343750000000002 0.7625000000000002 0.7906250000000001 0.8 0.7906250000000001
0 0.8484375 0.42968750000000017 0.825 0.42968750000000017 0.825 0.46093750000000017 0.8484375 0.46093750000000017
0 0.8734375 0.3671875000000001 0.8484375 0.3671875000000001 0.8484375 0.3890625000000001 0.8734375 0.3890625000000001
0 0.775 0.6171875000000002 0.75625 0.6171875000000002 0.75625 0.6750000000000002 0.775 0.6750000000000002
0 0.875 0.3656250000000001 0.8234375 0.3656250000000001 0.8234375 0.4625000000000002 0.875 0.4625000000000002
0 0.80625 0.6140625000000002 0.75625 0.6140625000000002 0.7562500000000001 0.7921875000000002 0.80625 0.7921875000000002
1 0.953125 0.3281250000000001 0.6875 0.3281250000000001 0.6875 0.48125000000000007 0.953125 0.4812500000000002