1 0.36718750000000006 0.07500000000000002 0.0031250000000000097 0.075 0.0031250000000000388 0.55 0.3671875000000001 0.55
2 0.2734375000000001 0.4265625 0.07031250000000004 0.4265625 0.07031250000000006 0.490625 0.2734375000000001 0.490625
2 0.875 0.26250000000000007 0.734375 0.26250000000000007 0.734375 0.2875000000000001 0.875 0.2875000000000001
3 0.23750000000000004 0.2953125 0.10000000000000005 0.2953125 0.10000000000000005 0.4140625 0.2375000000000001 0.4140625
0 0.315625 0.26875 0.23125 0.26875 0.23125 0.30625 0.315625 0.30625
0 0.09531250000000004 0.2578125 0.001562500000000032 0.2578125 0.0015625000000000348 0.3046875 0.09531250000000005 0.3046875
0 0.7390625 0.16562500000000008 0.6984375 0.16562500000000008 0.6984375 0.18750000000000008 0.7390625 0.18750000000000008
0 0.88125 0.1453125000000001 0.8390625 0.1453125000000001 0.8390625 0.1671875000000001 0.88125 0.1671875000000001
0 0.3234375 0.25625 0.0015625000000000313 0.25625 0.0015625000000000348 0.309375 0.3234375 0.309375
0 0.446875 0.13750000000000004 0.425 0.13750000000000004 0.425 0.15625000000000006 0.446875 0.15625000000000006
1 0.9359375 0.0468750000000001 0.6390625 0.046875000000000076 0.6390625 0.3500000000000001 0.9359375 0.3500000000000001
3 0.846875 0.1687500000000001 0.7640625 0.1687500000000001 0.7640625 0.24375000000000008 0.846875 0.24375000000000008