2 0.63125 0.2328125000000001 0.5875 0.2328125000000001 0.5875 0.3078125000000001 0.63125 0.3078125000000001
2 0.7140625 0.5890625 0.6828125 0.5890625 0.6828125 0.628125 0.7140625 0.628125
3 0.7359375 0.2375000000000001 0.6484375 0.2375000000000001 0.6484375 0.2984375000000001 0.7359375 0.2984375000000001
3 0.7625 0.5921875000000001 0.71875 0.5921875 0.71875 0.6265625000000001 0.7625 0.6265625000000001
0 0.7671875 0.1828125000000001 0.7328125 0.1828125000000001 0.7328125 0.23593750000000008 0.7671875 0.23593750000000008
0 0.775 0.5671875000000002 0.7578125 0.5671875000000002 0.7578125 0.5953125000000001 0.775 0.5953125000000001
0 0.7453125 0.2875000000000001 0.7265625 0.2875000000000001 0.7265625 0.3312500000000001 0.7453125 0.3312500000000001
0 0.7734375 0.6218750000000002 0.7578125 0.6218750000000002 0.7578125 0.6468750000000002 0.7734375 0.6468750000000002
0 0.76875 0.17968750000000008 0.725 0.17968750000000008 0.725 0.33281250000000007 0.76875 0.33281250000000007
0 0.778125 0.5656250000000002 0.75625 0.5656250000000002 0.75625 0.6468750000000002 0.778125 0.6468750000000002
1 0.8828125 0.16875000000000007 0.53125 0.16875000000000004 0.53125 0.3437500000000001 0.8828125 0.3437500000000001
1 0.840625 0.5453125000000001 0.64375 0.5453125 0.64375 0.659375 0.840625 0.6593750000000002