1 0.13281250000000003 8.132420150587893e-18 0 0 1.1194037148456274e-17 0.1828125 0.13281250000000006 0.1828125
1 0.9203125 0.0390625000000001 0.63125 0.039062500000000076 0.63125 0.2234375000000001 0.9203125 0.2234375000000001
2 0.5765625 0.3109375000000001 0.4453125 0.3109375000000001 0.4453125 0.3593750000000001 0.5765625 0.3593750000000001
2 0.8296875 0.14062500000000008 0.7265625 0.14062500000000008 0.7265625 0.18125000000000008 0.8296875 0.18125000000000008
2 0.08125000000000002 0.1078125 1.3203223303307403e-17 0.1078125 1.5308084989341915e-17 0.1421875 0.08125000000000002 0.1421875
3 0.8015625 0.07812500000000008 0.7109375 0.07812500000000008 0.7109375 0.14218750000000008 0.8015625 0.14218750000000008
3 0.5796875 0.24218750000000008 0.4703125 0.24218750000000008 0.4703125 0.3031250000000001 0.5796875 0.3031250000000001
3 0.04687500000000001 0.037500000000000006 4.592425496802574e-18 0.0375 8.323771212954668e-18 0.0984375 0.046875000000000014 0.0984375
0 0.1015625 0.025000000000000005 0.03125 0.025 0.03125000000000001 0.05156250000000001 0.1015625 0.051562500000000025
0 0.478125 0.23593750000000008 0.4046875 0.23593750000000008 0.4046875 0.2531250000000001 0.478125 0.2531250000000001
0 0.70625 0.0906250000000001 0.6515625 0.0906250000000001 0.6515625 0.11093750000000009 0.70625 0.11093750000000009
0 0.621875 0.23593750000000008 0.5453125 0.23593750000000008 0.5453125 0.25468750000000007 0.621875 0.25468750000000007
0 0.8359375 0.0562500000000001 0.76875 0.05625000000000009 0.76875 0.0828125000000001 0.8359375 0.08281250000000011
0 0.625 0.2312500000000001 0.4 0.2312500000000001 0.4 0.2578125000000001 0.625 0.2578125000000001
0 0.9984375 0.028125000000000122 0.9734375 0.028125000000000122 0.9734375 0.05625000000000012 0.9984375 0.05625000000000013
1 0.6609375 0.20937500000000003 0.3578125 0.209375 0.35781250000000003 0.403125 0.6609375 0.403125
0 0.8328125 0.0531250000000001 0.6546875 0.05312500000000009 0.6546875 0.11093750000000009 0.8328125 0.11093750000000009