1 0.825 0.05312500000000009 0.59375 0.05312500000000007 0.59375 0.4625000000000001 0.825 0.4625000000000002
2 0.7375 0.3531250000000001 0.6484375 0.3531250000000001 0.6484375 0.3968750000000001 0.7375 0.3968750000000001
2 0.425 0.23593750000000008 0.365625 0.23593750000000008 0.365625 0.2671875000000001 0.425 0.2671875000000001
3 0.421875 0.16093750000000004 0.375 0.16093750000000004 0.375 0.22812500000000008 0.421875 0.22812500000000008
3 0.73125 0.23593750000000008 0.6625 0.23593750000000008 0.6625 0.3359375000000001 0.73125 0.3359375000000001
0 0.790625 0.2000000000000001 0.734375 0.2000000000000001 0.734375 0.2375000000000001 0.790625 0.2375000000000001
0 0.4609375 0.15156250000000004 0.4296875 0.15156250000000004 0.4296875 0.17500000000000004 0.4609375 0.17500000000000004
0 0.3890625 0.12656250000000005 0.3671875 0.12656250000000005 0.3671875 0.15156250000000004 0.3890625 0.15156250000000004
0 0.675 0.2250000000000001 0.6171875 0.2250000000000001 0.6171875 0.24375000000000008 0.675 0.24375000000000008
0 0.4625 0.12500000000000006 0.365625 0.12500000000000006 0.365625 0.17656250000000004 0.4625 0.17656250000000004
0 0.7921875 0.19531250000000008 0.6140625 0.19531250000000008 0.6140625 0.2453125000000001 0.7921875 0.2453125000000001
1 0.48125 0.04687500000000005 0.328125 0.04687500000000004 0.328125 0.31250000000000006 0.48125 0.3125000000000001