2 0.5140625 0.5390625 0.4296875 0.5390625 0.4296875 0.5671875 0.5140625 0.5671875
3 0.4984375 0.58125 0.4359375 0.58125 0.4359375 0.61875 0.4984375 0.61875
3 0.8953125 0.7203125000000001 0.8671875 0.7203125000000001 0.8671875 0.7406250000000002 0.8953125 0.7406250000000002
0 0.4359375 0.6390625 0.3890625000000001 0.6390625 0.3890625000000001 0.65625 0.4359375 0.65625
0 0.55 0.640625 0.496875 0.640625 0.496875 0.659375 0.55 0.659375
0 0.5515625 0.6375 0.3859375000000001 0.6375 0.3859375000000001 0.6609375 0.5515625 0.6609375
0 0.865625 0.7375000000000002 0.8421875 0.7375000000000002 0.8421875 0.7468750000000002 0.865625 0.7468750000000002
1 0.6125 0.5078125 0.3593750000000001 0.5078125 0.3593750000000001 0.7453125 0.6125000000000002 0.7453125
1 0.896875 0.6921875000000002 0.821875 0.6921875000000002 0.821875 0.7640625000000002 0.896875 0.7640625000000002
0 0.89375 0.7390625000000002 0.8796875 0.7390625000000002 0.8796875 0.7468750000000002 0.89375 0.7468750000000002
2 0.896875 0.7062500000000002 0.8625 0.7062500000000002 0.8625 0.7187500000000002 0.896875 0.7187500000000002
0 0.89375 0.7359375000000001 0.840625 0.7359375000000001 0.840625 0.7468750000000002 0.89375 0.7468750000000002