2 0.6234375 0.5984375 0.571875 0.5984375 0.571875 0.6328125 0.6234375 0.6328125
2 0.478125 0.6078125 0.4203125 0.6078125 0.4203125 0.6375 0.478125 0.6375
3 0.6109375 0.5234375 0.5734375 0.5234375 0.5734375 0.5875 0.6109375 0.5875
3 0.4671875 0.54375 0.4328125 0.54375 0.4328125 0.5984375 0.4671875 0.5984375
0 0.6359375 0.5046875 0.6046875 0.5046875 0.6046875 0.5265625 0.6359375 0.5265625
0 0.4953125 0.5265625 0.4671875 0.5265625 0.4671875 0.546875 0.4953125 0.546875
0 0.4375 0.525 0.4140625 0.525 0.4140625 0.54375 0.4375 0.54375
0 0.578125 0.5125 0.55 0.5125 0.55 0.534375 0.578125 0.534375
0 0.496875 0.521875 0.4140625 0.521875 0.4140625 0.5484375 0.496875 0.5484375
0 0.6390625 0.503125 0.5484375 0.503125 0.5484375 0.5359375 0.6390625 0.5359375
1 0.665625 0.4109375 0.540625 0.4109375 0.540625 0.671875 0.665625 0.671875
1 0.509375 0.4375 0.3968750000000001 0.4375 0.3968750000000001 0.671875 0.509375 0.671875