2 0.6859375 0.3187500000000001 0.6171875 0.3187500000000001 0.6171875 0.3593750000000001 0.6859375 0.3593750000000001
2 0.3437500000000001 0.390625 0.2984375000000001 0.390625 0.2984375000000001 0.4359375 0.3437500000000001 0.4359375
3 0.68125 0.21250000000000008 0.6359375 0.21250000000000008 0.6359375 0.3031250000000001 0.68125 0.3031250000000001
3 0.35937500000000006 0.3390625 0.321875 0.3390625 0.321875 0.396875 0.3593750000000001 0.396875
0 0.728125 0.1843750000000001 0.6828125 0.1843750000000001 0.6828125 0.2218750000000001 0.728125 0.2218750000000001
0 0.628125 0.18906250000000008 0.5875 0.18906250000000008 0.5875 0.2218750000000001 0.628125 0.2218750000000001
0 0.39062500000000006 0.3531250000000001 0.3671875 0.3531250000000001 0.36718750000000006 0.3765625000000001 0.3906250000000001 0.3765625000000001
0 0.3421875 0.296875 0.3125 0.296875 0.3125 0.3296875 0.3421875 0.3296875
0 0.73125 0.18125000000000008 0.5859375 0.18125000000000008 0.5859375 0.2234375000000001 0.73125 0.2234375000000001
0 0.3921875 0.29531250000000003 0.3125 0.2953125 0.31250000000000006 0.3765625 0.3921875000000001 0.3765625000000001
1 0.7578125 0.06718750000000008 0.571875 0.06718750000000007 0.571875 0.4156250000000001 0.7578125 0.4156250000000002
1 0.4046875 0.25312500000000004 0.2453125 0.253125 0.24531250000000004 0.4734375 0.4046875 0.4734375