2 0.4953125 0.18437500000000004 0.4546875 0.18437500000000004 0.4546875 0.27031250000000007 0.4953125 0.27031250000000007
2 0.6984375000000002 0.8203125 0.6578125000000001 0.8203125 0.6578125000000001 0.8734375 0.6984375000000002 0.8734375
2 0.4921875 0.4171875 0.4640625 0.4171875 0.4640625 0.4453125 0.4921875 0.4453125
2 0.478125 0.5875 0.459375 0.5875 0.459375 0.61875 0.478125 0.61875
3 0.6453125000000002 0.81875 0.5578125000000002 0.81875 0.5578125000000002 0.875 0.6453125000000002 0.875
3 0.45 0.20312500000000008 0.3640625 0.20312500000000008 0.3640625 0.26250000000000007 0.45 0.26250000000000007
3 0.459375 0.415625 0.41875 0.415625 0.41875 0.44375 0.459375 0.44375
3 0.459375 0.5875 0.421875 0.5875 0.421875 0.609375 0.459375 0.609375
0 0.3625 0.16875000000000004 0.340625 0.16875000000000004 0.340625 0.2109375 0.3625 0.2109375
0 0.36875 0.25468750000000007 0.35 0.2546875 0.35 0.29218750000000004 0.36875 0.2921875000000001
0 0.5656250000000002 0.78125 0.5437500000000002 0.78125 0.5437500000000002 0.821875 0.5656250000000002 0.821875
0 0.5796875000000001 0.8703125 0.5578125000000002 0.8703125 0.5578125000000002 0.9046875 0.5796875000000001 0.9046875
0 0.4265625 0.3937500000000001 0.4109375 0.3937500000000001 0.4109375 0.4125 0.4265625 0.4125
0 0.421875 0.4375 0.4046875 0.4375 0.4046875 0.45625 0.421875 0.45625
0 0.4375 0.56875 0.425 0.56875 0.425 0.5828125 0.4375 0.5828125
0 0.4265625 0.3921875000000001 0.4015625 0.3921875000000001 0.4015625 0.4578125 0.4265625 0.4578125
0 0.371875 0.16562500000000005 0.3375 0.16562500000000005 0.3375 0.29531250000000003 0.371875 0.2953125000000001
0 0.5812500000000002 0.778125 0.5437500000000002 0.778125 0.5437500000000002 0.90625 0.5812500000000002 0.90625
0 0.425 0.603125 0.4125 0.603125 0.4125 0.6171875 0.425 0.6171875
1 0.5421875 0.11875000000000005 0.21875 0.11875000000000005 0.21875 0.30937500000000007 0.5421875 0.30937500000000007
1 0.5046875 0.384375 0.3593750000000001 0.384375 0.3593750000000001 0.465625 0.5046875 0.465625
1 0.7531250000000002 0.7265625000000001 0.4437500000000002 0.7265625 0.4437500000000002 0.9203125 0.7531250000000002 0.9203125
1 0.5 0.5625 0.3890625000000001 0.5625 0.3890625000000001 0.63125 0.5 0.63125