2 0.5718750000000001 0.80625 0.5500000000000002 0.80625 0.5500000000000002 0.8765625 0.5718750000000001 0.8765625
2 0.5171875 0.4171875 0.4890625 0.4171875 0.4890625 0.4953125 0.5171875 0.4953125
3 0.6812500000000001 0.784375 0.5968750000000002 0.784375 0.5968750000000002 0.865625 0.6812500000000001 0.865625
3 0.5890625 0.43125 0.5234375 0.43125 0.5234375 0.4921875 0.5890625 0.4921875
0 0.6953125000000002 0.871875 0.6703125000000002 0.871875 0.6703125000000002 0.95625 0.6953125000000002 0.95625
0 0.6 0.3984375000000001 0.58125 0.3984375000000001 0.58125 0.4359375 0.6 0.4359375
0 0.690625 0.715625 0.675 0.715625 0.675 0.790625 0.6906250000000002 0.790625
0 0.5859375 0.503125 0.56875 0.503125 0.56875 0.540625 0.5859375 0.540625
0 0.6984375 0.7109375 0.6703125 0.7109375 0.6703125000000001 0.9578125 0.6984375000000002 0.9578125
0 0.6984375 0.709375 0.66875 0.709375 0.6687500000000001 0.79375 0.6984375000000002 0.79375
1 0.840625 0.6890625000000001 0.4859375 0.6890625 0.4859375000000001 0.996875 0.840625 0.996875
1 0.6671875 0.3812500000000001 0.4578125 0.3812500000000001 0.4578125 0.571875 0.6671875 0.571875