2 0.5546875 0.18750000000000006 0.5203125 0.18750000000000006 0.5203125 0.2828125000000001 0.5546875 0.2828125000000001
2 0.37187500000000007 0.8078125 0.3390625000000001 0.8078125 0.3390625000000001 0.8515625 0.37187500000000007 0.8515625
2 0.5234375 0.675 0.5046875 0.675 0.5046875 0.7 0.5234375 0.7
3 0.6484375 0.2062500000000001 0.5578125 0.2062500000000001 0.5578125 0.2671875000000001 0.6484375 0.2671875000000001
3 0.4265625000000002 0.8109375 0.3765625000000001 0.8109375 0.3765625000000001 0.8453125 0.4265625000000002 0.8453125
3 0.559375 0.4390625 0.51875 0.4390625 0.51875 0.4671875 0.559375 0.4671875
3 0.5578125 0.6703125 0.5234375 0.6703125 0.5234375 0.6921875 0.5578125 0.6921875
0 0.671875 0.1687500000000001 0.646875 0.1687500000000001 0.646875 0.21250000000000008 0.671875 0.21250000000000008
0 0.6625 0.2593750000000001 0.640625 0.2593750000000001 0.640625 0.3000000000000001 0.6625 0.3000000000000001
0 0.42968750000000017 0.7828125 0.41406250000000017 0.7828125 0.41406250000000017 0.8078125 0.42968750000000017 0.8078125
0 0.5640625 0.4703125 0.5484375 0.4703125 0.5484375 0.4890625 0.5640625 0.4890625
0 0.5796875 0.428125 0.5625 0.428125 0.5625 0.446875 0.5796875 0.446875
0 0.4468750000000002 0.834375 0.4281250000000002 0.834375 0.4281250000000002 0.853125 0.4468750000000002 0.853125
0 0.5578125 0.65 0.5453125 0.65 0.5453125 0.665625 0.5578125 0.665625
0 0.56875 0.6828125 0.55625 0.6828125 0.55625 0.6953125 0.56875 0.6953125
1 0.79375 0.12812500000000007 0.46875 0.12812500000000004 0.46875 0.32500000000000007 0.79375 0.32500000000000007
1 0.46093750000000017 0.75625 0.29375000000000007 0.75625 0.29375000000000007 0.8671875 0.46093750000000017 0.8671875
1 0.6171875 0.415625 0.4703125 0.415625 0.4703125 0.4953125 0.6171875 0.4953125
1 0.584375 0.6375 0.4765625 0.6375 0.4765625 0.709375 0.584375 0.709375