2 0.8578125 0.46562500000000007 0.6828125 0.465625 0.6828125 0.4937500000000001 0.8578125 0.4937500000000002
2 0.484375 0.38750000000000007 0.3859375000000001 0.38750000000000007 0.3859375000000001 0.4125 0.484375 0.4125
3 0.825 0.3765625000000001 0.696875 0.3765625000000001 0.696875 0.4531250000000001 0.825 0.45312500000000017
3 0.46875 0.3140625000000001 0.3828125 0.3140625000000001 0.38281250000000006 0.3781250000000001 0.46875 0.3781250000000001
0 0.934375 0.34843750000000007 0.8140625 0.34843750000000007 0.8140625 0.37968750000000007 0.934375 0.37968750000000007
0 0.703125 0.35625000000000007 0.6078125 0.35625000000000007 0.6078125 0.3843750000000001 0.703125 0.3843750000000001
0 0.3765625 0.3140625 0.3109375 0.3140625 0.3109375 0.33281250000000007 0.3765625 0.33281250000000007
0 0.5140625 0.2968750000000001 0.44375 0.2968750000000001 0.44375 0.31718750000000007 0.5140625 0.31718750000000007
0 0.9359375 0.3468750000000001 0.6046875 0.3468750000000001 0.6046875 0.3859375000000001 0.9359375 0.3859375000000001
0 0.515625 0.29531250000000003 0.3078125 0.2953125 0.3078125 0.33437500000000003 0.515625 0.3343750000000001
1 0.996875 0.21250000000000008 0.575 0.21250000000000008 0.575 0.5437500000000001 0.996875 0.5437500000000002
1 0.5453125 0.22812500000000005 0.2921875 0.228125 0.29218750000000004 0.4515625 0.5453125 0.4515625