2 0.7234375 0.553125 0.6390625 0.553125 0.6390625 0.59375 0.7234375 0.59375
2 0.2921875000000001 0.70625 0.21093750000000008 0.70625 0.21093750000000008 0.740625 0.2921875000000001 0.740625
3 0.7109375 0.6140625 0.6484375 0.6140625 0.6484375 0.6890625 0.7109375 0.6890625
3 0.2687500000000001 0.75625 0.2093750000000001 0.75625 0.2093750000000001 0.8484375 0.2687500000000001 0.8484375
0 0.3062500000000001 0.8421875 0.26250000000000007 0.8421875 0.26250000000000007 0.8640625 0.3062500000000001 0.8640625
0 0.2093750000000001 0.8328125 0.1703125000000001 0.8328125 0.1703125000000001 0.8546875 0.2093750000000001 0.8546875
0 0.7546875000000001 0.7046875000000001 0.7109375 0.7046875 0.7109375000000001 0.7296875 0.7546875000000002 0.7296875000000002
0 0.3078125000000001 0.83125 0.1687500000000001 0.83125 0.1687500000000001 0.865625 0.3078125000000001 0.865625
0 0.6546875 0.684375 0.6078125 0.684375 0.6078125 0.7015625 0.6546875 0.7015625
1 0.34062500000000007 0.653125 0.15000000000000008 0.653125 0.1500000000000001 0.978125 0.34062500000000007 0.978125
1 0.7937500000000001 0.4984375000000001 0.5796875 0.4984375 0.5796875000000001 0.8671875 0.7937500000000002 0.8671875