2 0.5062500000000001 0.69375 0.4875 0.69375 0.4875000000000001 0.7671875 0.5062500000000002 0.7671875
2 0.4359375 0.3968750000000001 0.4171875 0.3968750000000001 0.4171875 0.471875 0.4359375 0.471875
3 0.48125000000000007 0.7015625 0.43125 0.7015625 0.4312500000000001 0.7609375 0.4812500000000002 0.7609375
3 0.4140625 0.4140625 0.3609375000000001 0.4140625 0.3609375000000001 0.46875 0.4140625 0.46875
3 0.4125 0.415625 0.38750000000000007 0.415625 0.38750000000000007 0.46875 0.4125 0.46875
0 0.4375 0.6734375 0.41875 0.6734375 0.41875 0.7109375 0.4375 0.7109375
0 0.4437500000000002 0.7578125 0.4265625000000002 0.7578125 0.4265625000000002 0.8015625 0.4437500000000002 0.8015625
0 0.3750000000000001 0.4609375 0.3625000000000001 0.4609375 0.3625000000000001 0.490625 0.3750000000000001 0.490625
0 0.4437500000000001 0.6703125 0.41875 0.6703125 0.41875000000000007 0.8046875 0.4437500000000002 0.8046875
1 0.465625 0.36718750000000006 0.3031250000000001 0.3671875 0.3031250000000001 0.5046875 0.465625 0.5046875
1 0.5312500000000001 0.653125 0.3671875000000001 0.653125 0.3671875000000001 0.83125 0.5312500000000002 0.83125