2 0.4625000000000001 0.6984375 0.4234375 0.6984375 0.4234375000000001 0.78125 0.4625000000000002 0.78125
2 0.3343750000000001 0.3765625 0.3062500000000001 0.3765625 0.3062500000000001 0.4421875 0.3343750000000001 0.4421875
3 0.4078125000000001 0.70625 0.31718750000000007 0.70625 0.31718750000000007 0.76875 0.4078125000000002 0.76875
3 0.29375000000000007 0.3890625 0.2250000000000001 0.3890625 0.2250000000000001 0.434375 0.29375000000000007 0.434375
0 0.3296875000000001 0.6625 0.2968750000000001 0.6625 0.2968750000000001 0.70625 0.3296875000000001 0.70625
0 0.3203125000000001 0.7625 0.28593750000000007 0.7625 0.28593750000000007 0.80625 0.3203125000000001 0.80625
0 0.22656250000000006 0.3515625 0.2046875 0.3515625 0.20468750000000005 0.3890625 0.22656250000000008 0.3890625
0 0.2296875000000001 0.428125 0.2093750000000001 0.428125 0.2093750000000001 0.453125 0.2296875000000001 0.453125
0 0.3312500000000001 0.6609375 0.2843750000000001 0.6609375 0.2843750000000001 0.809375 0.3312500000000001 0.809375
0 0.23125000000000004 0.3484375 0.203125 0.3484375 0.20312500000000006 0.453125 0.2312500000000001 0.453125
1 0.38281250000000006 0.31718750000000007 0.11718750000000004 0.3171875 0.11718750000000004 0.4671875 0.3828125000000001 0.4671875
1 0.5171875000000001 0.6421875 0.1921875000000001 0.6421875 0.1921875000000001 0.8421875 0.5171875000000001 0.8421875