2 0.6781250000000001 0.6734375 0.63125 0.6734375 0.6312500000000001 0.7359375 0.6781250000000002 0.7359375
2 0.6140625 0.15000000000000008 0.5796875 0.15000000000000008 0.5796875 0.23437500000000008 0.6140625 0.23437500000000008
3 0.7812500000000001 0.6781250000000001 0.6984375 0.678125 0.6984375 0.7265625000000001 0.7812500000000002 0.7265625000000002
3 0.721875 0.15781250000000008 0.6375 0.15781250000000008 0.6375 0.2234375000000001 0.721875 0.2234375000000001
0 0.821875 0.7265625000000002 0.7906250000000001 0.7265625000000002 0.7906250000000001 0.7718750000000002 0.821875 0.7718750000000002
0 0.803125 0.6390625000000002 0.778125 0.6390625000000002 0.778125 0.6765625000000002 0.803125 0.6765625000000002
0 0.7546875 0.11562500000000009 0.7234375 0.11562500000000009 0.7234375 0.1593750000000001 0.7546875 0.1593750000000001
0 0.7453125 0.2171875000000001 0.7171875 0.2171875000000001 0.7171875 0.2578125000000001 0.7453125 0.2578125000000001
0 0.75625 0.11562500000000009 0.7171875 0.11562500000000009 0.7171875 0.2593750000000001 0.75625 0.2593750000000001
0 0.8234375 0.6390625000000002 0.7765625 0.6390625000000002 0.7765625 0.7734375000000002 0.8234375 0.7734375000000002
1 0.8984375 0.0750000000000001 0.5171875 0.07500000000000007 0.5171875 0.2812500000000001 0.8984375 0.2812500000000001
1 0.9171875 0.6218750000000001 0.5859375 0.621875 0.5859375000000001 0.840625 0.9171875 0.840625