2 0.4687500000000001 0.7125 0.4390625 0.7125 0.4390625000000001 0.7921875 0.46875000000000017 0.7921875
2 0.65625 0.24375000000000008 0.6375 0.24375000000000008 0.6375 0.28593750000000007 0.65625 0.28593750000000007
2 0.4796875 0.3546875000000001 0.4609375 0.3546875000000001 0.4609375 0.3843750000000001 0.4796875 0.3843750000000001
2 0.471875 0.5515625 0.45 0.5515625 0.45 0.5734375 0.471875 0.5734375
3 0.42656250000000007 0.725 0.3390625000000001 0.725 0.3390625000000001 0.78125 0.4265625000000002 0.78125
3 0.63125 0.25468750000000007 0.584375 0.25468750000000007 0.584375 0.2843750000000001 0.63125 0.2843750000000001
3 0.44375 0.5515625 0.4046875 0.5515625 0.4046875 0.5734375 0.44375 0.5734375
3 0.4609375 0.3625000000000001 0.4234375 0.3625000000000001 0.4234375 0.3843750000000001 0.4609375 0.3843750000000001
0 0.3390625000000001 0.778125 0.31718750000000007 0.778125 0.31718750000000007 0.821875 0.3390625000000001 0.821875
0 0.3437500000000001 0.69375 0.32500000000000007 0.69375 0.32500000000000007 0.73125 0.3437500000000001 0.73125
0 0.4109375 0.5359375 0.3968750000000001 0.5359375 0.3968750000000001 0.553125 0.4109375 0.553125
0 0.5875 0.23437500000000008 0.5734375 0.23437500000000008 0.5734375 0.2593750000000001 0.5875 0.2593750000000001
0 0.440625 0.3906250000000001 0.4265625 0.3906250000000001 0.4265625 0.40625 0.440625 0.40625
0 0.425 0.3546875000000001 0.4125 0.3546875000000001 0.4125 0.3703125000000001 0.425 0.3703125000000001
0 0.4046875 0.5734375 0.3921875000000001 0.5734375 0.3921875000000001 0.59375 0.4046875 0.59375
0 0.59375 0.28593750000000007 0.58125 0.28593750000000007 0.58125 0.3046875000000001 0.59375 0.3046875000000001
0 0.3453125000000001 0.690625 0.3140625000000001 0.690625 0.3140625000000001 0.825 0.3453125000000001 0.825
1 0.5156250000000001 0.671875 0.1921875000000001 0.671875 0.1921875000000001 0.8640625 0.5156250000000002 0.8640625
1 0.6890625 0.20468750000000008 0.5546875 0.20468750000000008 0.5546875 0.3109375000000001 0.6890625 0.3109375000000001
1 0.503125 0.34062500000000007 0.3875 0.34062500000000007 0.38750000000000007 0.415625 0.503125 0.415625
1 0.49375 0.5296875 0.3500000000000001 0.5296875 0.3500000000000001 0.6015625 0.49375 0.6015625