2 0.4421875 0.4890625 0.3750000000000001 0.4890625 0.3750000000000001 0.5109375 0.4421875 0.5109375
2 0.8375 0.4984375000000002 0.7921875 0.4984375000000002 0.7921875 0.5218750000000002 0.8375 0.5218750000000002
3 0.4328125 0.4359375 0.37968750000000007 0.4359375 0.37968750000000007 0.48125 0.4328125 0.48125
3 0.8390625 0.45312500000000017 0.796875 0.45312500000000017 0.796875 0.49218750000000017 0.8390625 0.49218750000000017
0 0.4625 0.425 0.428125 0.425 0.428125 0.440625 0.4625 0.440625
0 0.3812500000000001 0.428125 0.3437500000000001 0.428125 0.3437500000000001 0.44375 0.3812500000000001 0.44375
0 0.8015625 0.4468750000000002 0.7734375 0.4468750000000002 0.7734375 0.4593750000000002 0.8015625 0.4593750000000002
0 0.8703125 0.4500000000000002 0.8421875 0.4500000000000002 0.8421875 0.4625000000000002 0.8703125 0.4625000000000002
0 0.465625 0.4234375 0.34062500000000007 0.4234375 0.34062500000000007 0.44375 0.465625 0.44375
0 0.871875 0.44531250000000017 0.771875 0.44531250000000017 0.771875 0.4625000000000002 0.871875 0.4625000000000002
1 0.48125 0.3765625 0.3281250000000001 0.3765625 0.3281250000000001 0.5375 0.48125 0.5375
1 0.8875 0.40625000000000017 0.7453125 0.40625000000000017 0.7453125 0.5437500000000002 0.8875 0.5437500000000002