2 0.421875 0.525 0.35625000000000007 0.525 0.35625000000000007 0.546875 0.421875 0.546875
2 0.709375 0.534375 0.659375 0.534375 0.659375 0.553125 0.709375 0.553125
3 0.696875 0.5578125 0.65625 0.5578125 0.65625 0.5953125 0.696875 0.5953125
3 0.4234375 0.5546875 0.3703125000000001 0.5546875 0.3703125000000001 0.59375 0.4234375 0.59375
0 0.4625 0.5859375 0.425 0.5859375 0.425 0.6015625 0.4625 0.6015625
0 0.6484375 0.5828125 0.6171875 0.5828125 0.6171875 0.5953125 0.6484375 0.5953125
0 0.7125 0.596875 0.6828125 0.596875 0.6828125 0.609375 0.7125 0.609375
0 0.3828125000000001 0.596875 0.3468750000000001 0.596875 0.3468750000000001 0.6109375 0.3828125000000001 0.6109375
0 0.465625 0.584375 0.3437500000000001 0.584375 0.3437500000000001 0.6125 0.465625 0.6125
0 0.7140625 0.58125 0.6140625 0.58125 0.6140625 0.6109375 0.7140625 0.6109375
1 0.74375 0.5125000000000001 0.596875 0.5125 0.596875 0.6468750000000001 0.74375 0.6468750000000002
1 0.478125 0.5 0.3218750000000001 0.5 0.3218750000000001 0.6515625 0.478125 0.6515625