2 0.653125 0.403125 0.6203125 0.403125 0.6203125 0.4390625 0.653125 0.4390625
2 0.5265625 0.18906250000000005 0.4984375 0.18906250000000005 0.4984375 0.2640625000000001 0.5265625 0.2640625000000001
2 0.5765625 0.6234375 0.5578125 0.6234375 0.5578125 0.659375 0.5765625 0.659375
3 0.6265625 0.20312500000000008 0.5421875 0.20312500000000008 0.5421875 0.2593750000000001 0.6265625 0.2593750000000001
3 0.609375 0.6234375 0.5875 0.6234375 0.5875 0.6484375 0.609375 0.6484375
3 0.70625 0.4125 0.6625 0.4125 0.6625 0.4375 0.70625 0.4375
0 0.65 0.16406250000000008 0.621875 0.16406250000000008 0.621875 0.2078125000000001 0.65 0.2078125000000001
0 0.6421875 0.2578125000000001 0.6140625 0.2578125000000001 0.6140625 0.2984375000000001 0.6421875 0.2984375000000001
0 0.640625 0.6515625 0.625 0.6515625 0.625 0.6734375 0.640625 0.6734375
0 0.7234375 0.38750000000000007 0.7078125 0.38750000000000007 0.7078125 0.4140625 0.7234375 0.4140625
0 0.6328125 0.5984375 0.6171875 0.5984375 0.6171875 0.621875 0.6328125 0.621875
0 0.709375 0.4390625 0.69375 0.4390625 0.69375 0.4609375 0.709375 0.4609375
0 0.653125 0.1593750000000001 0.609375 0.1593750000000001 0.609375 0.30156250000000007 0.653125 0.30156250000000007
0 0.640625 0.5984375 0.6171875 0.5984375 0.6171875 0.6734375 0.640625 0.6734375
0 0.7265625 0.3859375000000001 0.6921875 0.3859375000000001 0.6921875 0.4609375000000001 0.7265625 0.46093750000000017
1 0.7625 0.11718750000000007 0.440625 0.11718750000000004 0.440625 0.3109375000000001 0.7625 0.3109375000000001
1 0.740625 0.3531250000000001 0.590625 0.3531250000000001 0.590625 0.4687500000000001 0.740625 0.46875000000000017
1 0.653125 0.5890625 0.53125 0.5890625 0.53125 0.6921875 0.653125 0.6921875