2 0.6703125 0.4296875 0.5953125 0.4296875 0.5953125 0.4609375 0.6703125 0.4609375
2 0.29531250000000003 0.3453125 0.2328125 0.3453125 0.23281250000000003 0.3765625 0.2953125000000001 0.3765625
3 0.2921875 0.2796875 0.24375 0.2796875 0.24375 0.340625 0.2921875 0.340625
3 0.6640625 0.3656250000000001 0.609375 0.3656250000000001 0.609375 0.4109375 0.6640625 0.4109375
0 0.709375 0.30937500000000007 0.6671875 0.30937500000000007 0.6671875 0.3390625000000001 0.709375 0.3390625000000001
0 0.615625 0.3078125000000001 0.5796875 0.3078125000000001 0.5796875 0.3359375000000001 0.615625 0.3359375000000001
0 0.3296875 0.271875 0.303125 0.271875 0.303125 0.2953125 0.3296875 0.2953125
0 0.2609375 0.234375 0.234375 0.234375 0.234375 0.2625 0.2609375 0.2625
0 0.7109375 0.3031250000000001 0.5765625 0.3031250000000001 0.5765625 0.34062500000000007 0.7109375 0.34062500000000007
0 0.340625 0.23125 0.234375 0.23125 0.234375 0.3015625 0.340625 0.3015625
0 0.3390625 0.265625 0.3 0.265625 0.3 0.303125 0.3390625 0.303125
1 0.35468750000000004 0.17812500000000003 0.1859375 0.17812500000000003 0.18593750000000003 0.4296875 0.3546875000000001 0.4296875
1 0.7359375 0.2062500000000001 0.55 0.2062500000000001 0.55 0.5250000000000001 0.7359375 0.5250000000000001