1 0.3218750000000001 0.6625 0.2140625000000001 0.6625 0.2140625000000001 0.7328125 0.3218750000000001 0.7328125
2 0.5515625 0.2875000000000001 0.5171875 0.2875000000000001 0.5171875 0.3625000000000001 0.5515625 0.3625000000000001
2 0.446875 0.55 0.421875 0.55 0.421875 0.5890625 0.446875 0.5890625
3 0.5 0.2968750000000001 0.415625 0.2968750000000001 0.415625 0.3531250000000001 0.5 0.3531250000000001
3 0.425 0.5453125 0.3812500000000001 0.5453125 0.3812500000000001 0.5765625 0.425 0.5765625
3 0.4984375 0.2984375000000001 0.4578125 0.2984375000000001 0.4578125 0.3515625000000001 0.4984375 0.3515625000000001
3 0.16406250000000006 0.5109375 0.13281250000000006 0.5109375 0.13281250000000006 0.5296875 0.16406250000000006 0.5296875
3 0.1765625000000001 0.6046875 0.1453125000000001 0.6046875 0.1453125000000001 0.6234375 0.1765625000000001 0.6234375
0 0.4234375 0.2578125000000001 0.3921875 0.2578125000000001 0.3921875 0.3031250000000001 0.4234375 0.3031250000000001
0 0.43125 0.3515625000000001 0.403125 0.3515625000000001 0.403125 0.3906250000000001 0.43125 0.3906250000000001
0 0.3765625000000001 0.5671875 0.3546875000000001 0.5671875 0.3546875000000001 0.590625 0.3765625000000001 0.590625
0 0.43125 0.2562500000000001 0.390625 0.2562500000000001 0.39062500000000006 0.3937500000000001 0.43125 0.3937500000000001
0 0.3968750000000001 0.5234375 0.3781250000000001 0.5234375 0.3781250000000001 0.540625 0.3968750000000001 0.540625
0 0.22031250000000008 0.428125 0.2015625000000001 0.428125 0.2015625000000001 0.4484375 0.22031250000000008 0.4484375
0 0.27812500000000007 0.6734375 0.26250000000000007 0.6734375 0.26250000000000007 0.6859375 0.27812500000000007 0.6859375
0 0.403125 0.5171875 0.3750000000000001 0.5171875 0.3750000000000001 0.5421875 0.403125 0.5421875
1 0.6015625 0.22968750000000004 0.2984375 0.2296875 0.2984375 0.409375 0.6015625 0.409375
1 0.478125 0.5109375 0.3078125000000001 0.5109375 0.3078125000000001 0.61875 0.478125 0.61875
1 0.2093750000000001 0.484375 0.08593750000000007 0.484375 0.08593750000000007 0.55 0.2093750000000001 0.55
1 0.2171875000000001 0.5765625 0.09531250000000006 0.5765625 0.09531250000000008 0.6484375 0.2171875000000001 0.6484375
1 0.2906250000000001 0.390625 0.14375000000000004 0.390625 0.14375000000000004 0.4546875 0.2906250000000001 0.4546875
3 0.29375000000000007 0.6875 0.2562500000000001 0.6875 0.2562500000000001 0.70625 0.29375000000000007 0.70625
0 0.2578125000000001 0.703125 0.23593750000000008 0.703125 0.23593750000000008 0.721875 0.2578125000000001 0.721875
2 0.3125000000000001 0.690625 0.2875000000000001 0.690625 0.2875000000000001 0.7234375 0.3125000000000001 0.7234375
0 0.1453125000000001 0.5828125 0.1296875000000001 0.5828125 0.1296875000000001 0.609375 0.1453125000000001 0.609375
0 0.1531250000000001 0.628125 0.14062500000000008 0.628125 0.14062500000000008 0.64375 0.1531250000000001 0.64375
2 0.19687500000000008 0.5953125 0.1781250000000001 0.5953125 0.1781250000000001 0.628125 0.19687500000000008 0.628125
0 0.2796875000000001 0.6703125 0.23593750000000008 0.6703125 0.23593750000000008 0.71875 0.2796875000000001 0.71875
0 0.15781250000000008 0.5796875 0.1296875000000001 0.5796875 0.1296875000000001 0.6453125 0.15781250000000008 0.6453125
0 0.2062500000000001 0.3984375 0.18437500000000004 0.3984375 0.18437500000000004 0.415625 0.2062500000000001 0.415625
0 0.2156250000000001 0.396875 0.18281250000000004 0.396875 0.18281250000000004 0.446875 0.2156250000000001 0.446875
0 0.13593750000000004 0.528125 0.11875000000000005 0.528125 0.11875000000000005 0.54375 0.13593750000000004 0.54375
0 0.14062500000000006 0.490625 0.12187500000000004 0.490625 0.12187500000000004 0.509375 0.14062500000000006 0.509375
0 0.13906250000000006 0.490625 0.11718750000000004 0.490625 0.11718750000000007 0.546875 0.1390625000000001 0.546875
2 0.18906250000000005 0.4984375 0.16718750000000004 0.4984375 0.16718750000000004 0.54375 0.18906250000000005 0.54375
2 0.2656250000000001 0.3921875 0.2375000000000001 0.3921875 0.2375000000000001 0.4234375 0.2656250000000001 0.4234375
3 0.2375000000000001 0.396875 0.2000000000000001 0.396875 0.2000000000000001 0.421875 0.2375000000000001 0.421875