2 0.9109375 0.3296875000000001 0.8171875 0.3296875000000001 0.8171875 0.3687500000000001 0.9109375 0.3687500000000001
2 0.32031250000000006 0.346875 0.2484375 0.346875 0.24843750000000003 0.378125 0.3203125000000001 0.378125
3 0.3046875 0.2640625 0.2546875 0.2640625 0.2546875 0.3375 0.3046875 0.3375
3 0.89375 0.22031250000000008 0.8265625 0.22031250000000008 0.8265625 0.30937500000000007 0.89375 0.30937500000000007
0 0.940625 0.1718750000000001 0.8859375 0.17187500000000008 0.8859375 0.21093750000000008 0.940625 0.21093750000000008
0 0.828125 0.20468750000000008 0.7828125 0.20468750000000008 0.7828125 0.2375000000000001 0.828125 0.2375000000000001
0 0.3296875 0.240625 0.29375 0.240625 0.29375 0.2640625 0.3296875 0.2640625
0 0.25 0.253125 0.23125 0.253125 0.23125 0.2734375 0.25 0.2734375
0 0.9421875 0.16875000000000012 0.7796875 0.1687500000000001 0.7796875 0.2375000000000001 0.9421875 0.2375000000000001
0 0.3328125 0.240625 0.2296875 0.240625 0.2296875 0.2734375 0.3328125 0.2734375
1 0.3609375 0.15468750000000003 0.2125 0.15468750000000003 0.21250000000000005 0.428125 0.3609375000000001 0.428125
1 0.98125 0.0546875000000001 0.7734375 0.05468750000000009 0.7734375 0.4312500000000002 0.98125 0.4312500000000002