2 0.3437500000000001 0.4484375 0.2796875000000001 0.4484375 0.2796875000000001 0.4734375 0.3437500000000001 0.4734375
2 0.665625 0.4640625 0.6203125 0.4640625 0.6203125 0.48125 0.665625 0.48125
3 0.3359375000000001 0.3984375 0.2843750000000001 0.3984375 0.2843750000000001 0.4421875 0.3359375000000001 0.4421875
3 0.6734375 0.421875 0.634375 0.421875 0.634375 0.4578125 0.6734375 0.4578125
0 0.2875000000000001 0.390625 0.2484375000000001 0.390625 0.2484375000000001 0.4046875 0.2875000000000001 0.4046875
0 0.6453125 0.4078125 0.615625 0.4078125 0.615625 0.4203125 0.6453125 0.4203125
0 0.7046875 0.41875 0.678125 0.41875 0.678125 0.4296875 0.7046875 0.4296875
0 0.3656250000000001 0.38906250000000003 0.33281250000000007 0.3890625 0.33281250000000007 0.4046875 0.3656250000000001 0.4046875
0 0.3671875000000001 0.38906250000000003 0.2468750000000001 0.3890625 0.2468750000000001 0.40625 0.3671875000000001 0.40625
0 0.70625 0.40625 0.6125 0.40625 0.6125 0.43125 0.70625 0.43125
1 0.38125000000000003 0.33281250000000007 0.2265625 0.3328125 0.22656250000000006 0.503125 0.3812500000000001 0.503125
1 0.71875 0.3703125000000001 0.5765625 0.3703125000000001 0.5765625 0.5 0.71875 0.5