2 0.3468750000000001 0.653125 0.26250000000000007 0.653125 0.26250000000000007 0.7109375 0.3468750000000001 0.7109375
2 0.8140625 0.5859375000000002 0.728125 0.5859375000000002 0.728125 0.6390625000000002 0.8140625 0.6390625000000002
3 0.3421875000000001 0.7234375 0.2875000000000001 0.7234375 0.2875000000000001 0.8109375 0.3421875000000001 0.8109375
3 0.809375 0.6562500000000002 0.740625 0.6562500000000002 0.7406250000000001 0.7437500000000001 0.809375 0.7437500000000001
0 0.8515625 0.7453125000000002 0.8109375 0.7453125000000002 0.8109375 0.7796875000000002 0.8515625 0.7796875000000002
0 0.7500000000000002 0.7421875000000001 0.7046875000000001 0.7421875 0.7046875000000001 0.7734375000000001 0.7500000000000002 0.7734375000000002
0 0.2906250000000001 0.8171875 0.24375000000000008 0.8171875 0.24375000000000008 0.8484375 0.2906250000000001 0.8484375
0 0.37968750000000007 0.796875 0.3421875000000001 0.796875 0.3421875000000001 0.821875 0.37968750000000007 0.821875
0 0.3812500000000001 0.7953125 0.2406250000000001 0.7953125 0.2406250000000001 0.8515625 0.3812500000000001 0.8515625
0 0.853125 0.7406250000000001 0.7031250000000002 0.740625 0.7031250000000002 0.784375 0.853125 0.7843750000000002
1 0.3968750000000001 0.5953125 0.17187500000000008 0.5953125 0.1718750000000001 0.9609375 0.3968750000000001 0.9609375
1 0.8953125 0.51875 0.6828125 0.51875 0.6828125 0.9125 0.8953125 0.9125