2 0.18750000000000006 0.325 0.11875000000000005 0.325 0.11875000000000005 0.384375 0.18750000000000006 0.384375
2 0.8125 0.34062500000000007 0.721875 0.34062500000000007 0.721875 0.3781250000000001 0.8125 0.3781250000000001
3 0.16875000000000004 0.209375 0.10937500000000004 0.209375 0.10937500000000004 0.309375 0.16875000000000004 0.309375
3 0.80625 0.2640625000000001 0.7375 0.2640625000000001 0.7375 0.31718750000000007 0.80625 0.31718750000000007
0 0.8671875 0.1828125000000001 0.809375 0.1828125000000001 0.809375 0.2234375000000001 0.8671875 0.2234375000000001
0 0.7453125 0.1921875000000001 0.6921875 0.1921875000000001 0.6921875 0.22656250000000008 0.7453125 0.22656250000000008
0 0.2140625 0.2078125 0.16406250000000006 0.2078125 0.16406250000000006 0.2296875 0.2140625 0.2296875
0 0.11093750000000005 0.2046875 0.07031250000000003 0.2046875 0.07031250000000003 0.2234375 0.11093750000000005 0.2234375
0 0.8671875 0.18125000000000008 0.690625 0.18125000000000008 0.690625 0.22812500000000008 0.8671875 0.22812500000000008
1 0.875 0.035937500000000094 0.6671875 0.03593750000000008 0.6671875 0.4515625000000001 0.875 0.4515625000000002
1 0.2515625 0.05937500000000001 0.0546875 0.059375 0.05468750000000002 0.43125 0.2515625000000001 0.43125
0 0.2203125 0.20625 0.07031250000000003 0.20625 0.07031250000000003 0.240625 0.2203125 0.240625