2 0.4421875000000002 0.7640625 0.4078125000000002 0.7640625 0.4078125000000002 0.8375 0.4421875000000002 0.8375
2 0.425 0.3156250000000001 0.396875 0.3156250000000001 0.39687500000000003 0.3781250000000001 0.425 0.3781250000000001
3 0.37812500000000004 0.32656250000000003 0.30625 0.3265625 0.30625 0.37343750000000003 0.3781250000000001 0.3734375000000001
3 0.39531250000000007 0.7703125 0.3140625000000001 0.7703125 0.3140625000000001 0.83125 0.39531250000000007 0.83125
0 0.30625 0.2796875 0.284375 0.2796875 0.284375 0.3234375 0.30625 0.3234375
0 0.3140625000000001 0.828125 0.2812500000000001 0.828125 0.2812500000000001 0.8703125 0.3140625000000001 0.8703125
0 0.3234375000000001 0.7390625 0.2953125000000001 0.7390625 0.2953125000000001 0.7765625 0.3234375000000001 0.7765625
0 0.30625 0.3609375 0.284375 0.3609375 0.28437500000000004 0.3890625 0.3062500000000001 0.3890625
0 0.32500000000000007 0.7359375 0.27812500000000007 0.7359375 0.27812500000000007 0.8734375 0.32500000000000007 0.8734375
0 0.30937500000000007 0.2765625 0.28125 0.2765625 0.28125000000000006 0.3921875 0.30937500000000007 0.3921875
1 0.4828125 0.2515625 0.16406250000000006 0.2515625 0.16406250000000006 0.40625 0.4828125 0.40625
1 0.4921875000000001 0.7234375 0.1921875000000001 0.7234375 0.19218750000000012 0.909375 0.49218750000000017 0.909375