2 0.5546875000000002 0.759375 0.4890625000000002 0.759375 0.4890625000000002 0.8625 0.5546875000000002 0.8625
2 0.6671875 0.3078125000000001 0.61875 0.3078125000000001 0.61875 0.34062500000000007 0.6671875 0.34062500000000007
3 0.7265625 0.3218750000000001 0.6671875 0.3218750000000001 0.6671875 0.3593750000000001 0.7265625 0.3593750000000001
3 0.7000000000000002 0.7640625 0.5812500000000002 0.7640625 0.5812500000000002 0.840625 0.7000000000000002 0.840625
0 0.7562500000000002 0.828125 0.7062500000000002 0.828125 0.7062500000000002 0.9 0.7562500000000002 0.9
0 0.7140625 0.7 0.6734375 0.7 0.6734375000000001 0.7546875 0.7140625000000002 0.7546875
0 0.7390625 0.3687500000000001 0.7109375 0.3687500000000001 0.7109375 0.40312500000000007 0.7390625 0.4031250000000002
0 0.759375 0.3140625000000001 0.734375 0.3140625000000001 0.734375 0.3390625000000001 0.759375 0.3390625000000001
0 0.7578125000000001 0.6968750000000001 0.6734375 0.696875 0.6734375000000001 0.903125 0.7578125000000002 0.903125
0 0.7609375 0.3125000000000001 0.7109375 0.3125000000000001 0.7109375 0.4046875000000001 0.7609375 0.4046875000000002
1 0.9265625 0.6828125 0.4265625 0.6828125 0.42656250000000007 0.95625 0.9265625 0.95625
1 0.8375 0.29375000000000007 0.565625 0.29375000000000007 0.565625 0.45000000000000007 0.8375 0.4500000000000002