1 0.6015625000000001 0.5359375 0.4015625 0.5359375 0.4015625000000001 0.85625 0.6015625000000002 0.85625
2 0.29375000000000007 0.7140625 0.2406250000000001 0.7140625 0.2406250000000001 0.759375 0.29375000000000007 0.759375
2 0.5328125 0.553125 0.4765625 0.553125 0.4765625 0.5953125 0.5328125 0.5953125
2 0.78125 0.5218750000000001 0.7140625 0.521875 0.7140625 0.5531250000000001 0.78125 0.5531250000000002
3 0.2906250000000001 0.7703125 0.24218750000000008 0.7703125 0.24218750000000008 0.8546875 0.2906250000000001 0.8546875
3 0.7828125 0.5671875000000002 0.7328125 0.5671875000000002 0.7328125 0.6515625000000002 0.7828125 0.6515625000000002
3 0.5390625 0.609375 0.4890625 0.609375 0.4890625 0.690625 0.5390625 0.690625
0 0.5875 0.6671875 0.546875 0.6671875 0.546875 0.7015625 0.5875 0.7015625
0 0.32500000000000007 0.8265625 0.2906250000000001 0.8265625 0.2906250000000001 0.8515625 0.32500000000000007 0.8515625
0 0.2453125000000001 0.85 0.20468750000000008 0.85 0.20468750000000008 0.878125 0.2453125000000001 0.878125
0 0.740625 0.6468750000000001 0.696875 0.646875 0.696875 0.6718750000000001 0.740625 0.6718750000000002
0 0.81875 0.6421875000000001 0.78125 0.6421875000000001 0.78125 0.6640625000000002 0.81875 0.6640625000000002
0 0.5078125000000001 0.7 0.4546875 0.7 0.4546875000000001 0.73125 0.5078125000000002 0.73125
0 0.3265625000000001 0.825 0.20312500000000008 0.825 0.20312500000000008 0.878125 0.3265625000000001 0.878125
1 0.34062500000000007 0.6703125 0.15625000000000008 0.6703125 0.1562500000000001 0.9703125 0.34062500000000007 0.9703125
1 0.8265625 0.4765625000000001 0.6515625 0.4765625 0.6515625 0.7593750000000001 0.8265625 0.7593750000000001
0 0.5859375000000001 0.66875 0.4515625 0.66875 0.4515625000000001 0.7296875 0.5859375000000002 0.7296875
0 0.8203125 0.6406250000000001 0.6953125 0.640625 0.6953125 0.6718750000000001 0.8203125 0.6718750000000002