2 0.5296875 0.3609375000000001 0.478125 0.3609375000000001 0.478125 0.3859375000000001 0.5296875 0.3859375000000001
2 0.796875 0.3750000000000001 0.7046875 0.3750000000000001 0.7046875 0.40312500000000007 0.796875 0.4031250000000002
3 0.5171875 0.2921875000000001 0.478125 0.2921875000000001 0.478125 0.3500000000000001 0.5171875 0.3500000000000001
3 0.7828125 0.27031250000000007 0.71875 0.27031250000000007 0.71875 0.3546875000000001 0.7828125 0.3546875000000001
0 0.8390625 0.22656250000000008 0.7828125 0.22656250000000008 0.7828125 0.2640625000000001 0.8390625 0.2640625000000001
0 0.725 0.24375000000000008 0.6765625 0.24375000000000008 0.6765625 0.2750000000000001 0.725 0.2750000000000001
0 0.4859375 0.2843750000000001 0.459375 0.2843750000000001 0.459375 0.30156250000000007 0.4859375 0.30156250000000007
0 0.55 0.2796875000000001 0.5171875 0.2796875000000001 0.5171875 0.2968750000000001 0.55 0.2968750000000001
0 0.840625 0.2250000000000001 0.675 0.2250000000000001 0.675 0.2765625000000001 0.840625 0.2765625000000001
0 0.5546875 0.2765625000000001 0.459375 0.2765625000000001 0.459375 0.30156250000000007 0.5546875 0.30156250000000007
1 0.8734375 0.0796875000000001 0.6546875 0.07968750000000009 0.6546875 0.4796875000000001 0.8734375 0.47968750000000016
1 0.5828125 0.20468750000000008 0.45 0.20468750000000008 0.45 0.4296875 0.5828125 0.4296875