2 0.2968750000000001 0.5421875 0.19375000000000003 0.5421875 0.19375000000000006 0.56875 0.2968750000000001 0.56875
2 0.66875 0.4890625 0.6328125 0.4890625 0.6328125 0.5046875 0.66875 0.5046875
3 0.2890625000000001 0.4828125 0.2093750000000001 0.4828125 0.2093750000000001 0.5265625 0.2890625000000001 0.5265625
3 0.665625 0.4609375 0.6328125 0.4609375 0.6328125 0.484375 0.665625 0.484375
0 0.21875000000000008 0.4453125 0.16562500000000005 0.4453125 0.16562500000000005 0.465625 0.21875000000000008 0.465625
0 0.3218750000000001 0.4484375 0.2906250000000001 0.4484375 0.2906250000000001 0.4703125 0.3218750000000001 0.4703125
0 0.3234375000000001 0.44375 0.16406250000000006 0.44375 0.16406250000000006 0.4703125 0.3234375000000001 0.4703125
0 0.634375 0.4546875 0.609375 0.4546875 0.609375 0.465625 0.634375 0.465625
0 0.671875 0.453125 0.659375 0.453125 0.659375 0.4625 0.671875 0.4625
0 0.6765625 0.4515625 0.609375 0.4515625 0.609375 0.465625 0.6765625 0.465625
1 0.3296875000000001 0.4 0.13906250000000003 0.4 0.13906250000000006 0.6015625 0.3296875000000001 0.6015625
1 0.69375 0.421875 0.59375 0.421875 0.59375 0.515625 0.69375 0.515625