2 0.68125 0.6171875 0.640625 0.6171875 0.640625 0.6859375 0.68125 0.6859375
2 0.6109375 0.2984375000000001 0.5640625 0.2984375000000001 0.5640625 0.3453125000000001 0.6109375 0.3453125000000001
3 0.7875 0.6359375 0.696875 0.6359375 0.696875 0.6812500000000001 0.7875 0.6812500000000001
3 0.6625 0.3218750000000001 0.603125 0.3218750000000001 0.603125 0.3593750000000001 0.6625 0.3593750000000001
0 0.815625 0.6828125000000002 0.778125 0.6828125000000002 0.7781250000000001 0.7296875000000002 0.815625 0.7296875000000002
0 0.8109375 0.5875000000000001 0.7796875 0.5875000000000001 0.7796875 0.6281250000000002 0.8109375 0.6281250000000002
0 0.6484375 0.3687500000000001 0.6234375 0.3687500000000001 0.6234375 0.3906250000000001 0.6484375 0.3906250000000001
0 0.7046875 0.3125000000000001 0.671875 0.3125000000000001 0.671875 0.3421875000000001 0.7046875 0.3421875000000001
0 0.81875 0.5859375000000002 0.778125 0.5859375000000002 0.7781250000000001 0.7312500000000002 0.81875 0.7312500000000002
0 0.7046875 0.3125000000000001 0.6234375 0.3125000000000001 0.6234375 0.3921875000000001 0.7046875 0.3921875000000001
1 0.934375 0.5718750000000001 0.584375 0.571875 0.5843750000000001 0.7593750000000001 0.934375 0.7593750000000001
1 0.746875 0.2453125000000001 0.5265625 0.2453125000000001 0.5265625 0.4046875000000001 0.746875 0.4046875000000002