2 0.446875 0.60625 0.3890625000000001 0.60625 0.3890625000000001 0.6453125 0.446875 0.6453125
2 0.71875 0.6125 0.6640625 0.6125 0.6640625 0.6546875 0.71875 0.6546875
3 0.4328125 0.5484375 0.3968750000000001 0.5484375 0.3968750000000001 0.603125 0.4328125 0.603125
3 0.7125 0.5453125 0.6734375 0.5453125 0.6734375 0.603125 0.7125 0.603125
0 0.45 0.528125 0.4234375 0.528125 0.4234375 0.55 0.45 0.55
0 0.7375 0.534375 0.709375 0.534375 0.709375 0.5531250000000001 0.7375 0.5531250000000002
0 0.3968750000000001 0.540625 0.3703125000000001 0.540625 0.3703125000000001 0.5625 0.3968750000000001 0.5625
0 0.6796875 0.5296875 0.6578125 0.5296875 0.6578125 0.5515625 0.6796875 0.5515625
0 0.453125 0.5234375 0.3687500000000001 0.5234375 0.3687500000000001 0.5640625 0.453125 0.5640625
0 0.7390625 0.5265625 0.6515625 0.5265625 0.6515625 0.5562500000000001 0.7390625 0.5562500000000001
1 0.7515625 0.4359375000000001 0.6328125 0.4359375 0.6328125 0.6937500000000001 0.7515625 0.6937500000000002
1 0.471875 0.4515625 0.3609375000000001 0.4515625 0.3609375000000001 0.68125 0.471875 0.68125