2 0.525 0.2734375000000001 0.48125 0.2734375000000001 0.48125 0.39531250000000007 0.525 0.39531250000000007
2 0.3687500000000001 0.728125 0.34062500000000007 0.728125 0.34062500000000007 0.8203125 0.3687500000000001 0.8203125
3 0.34062500000000007 0.7359375 0.2906250000000001 0.7359375 0.2906250000000001 0.8015625 0.34062500000000007 0.8015625
3 0.4640625 0.28593750000000007 0.40625 0.28593750000000007 0.40625 0.3828125000000001 0.4640625 0.3828125000000001
0 0.3875 0.20937500000000003 0.3578125 0.209375 0.3578125 0.290625 0.3875 0.2906250000000001
0 0.38750000000000007 0.3765625 0.3609375000000001 0.3765625 0.3609375000000001 0.4421875 0.38750000000000007 0.4421875
0 0.3031250000000001 0.675 0.2843750000000001 0.675 0.2843750000000001 0.7234375 0.3031250000000001 0.7234375
0 0.27812500000000007 0.7765625 0.2593750000000001 0.7765625 0.2593750000000001 0.8125 0.27812500000000007 0.8125
0 0.38906250000000003 0.20625000000000004 0.3546875 0.20625 0.35468750000000004 0.4453125 0.3890625000000001 0.4453125
0 0.3046875000000001 0.671875 0.2593750000000001 0.671875 0.2593750000000001 0.8140625 0.3046875000000001 0.8140625
1 0.5765625 0.12500000000000006 0.2453125 0.12500000000000006 0.24531250000000004 0.465625 0.5765625 0.465625
1 0.4125000000000001 0.634375 0.1984375000000001 0.634375 0.1984375000000001 0.85625 0.4125000000000002 0.85625