2 0.446875 0.6203125 0.3984375000000001 0.6203125 0.3984375000000001 0.646875 0.446875 0.646875
2 0.6546875 0.6203125 0.609375 0.6203125 0.609375 0.646875 0.6546875 0.646875
3 0.4390625 0.5546875 0.4046875 0.5546875 0.4046875 0.6125 0.4390625 0.6125
3 0.64375 0.5515625 0.6109375 0.5515625 0.6109375 0.609375 0.64375 0.609375
0 0.665625 0.5296875 0.634375 0.5296875 0.634375 0.5546875 0.665625 0.5546875
0 0.6109375 0.5421875 0.5828125 0.5421875 0.5828125 0.565625 0.6109375 0.565625
0 0.4625 0.540625 0.4328125 0.540625 0.4328125 0.565625 0.4625 0.565625
0 0.4046875 0.553125 0.3750000000000001 0.553125 0.3750000000000001 0.5765625 0.4046875 0.5765625
0 0.4625 0.5359375 0.3734375000000001 0.5359375 0.3734375000000001 0.5765625 0.4625 0.5765625
0 0.6671875 0.5265625 0.58125 0.5265625 0.58125 0.565625 0.6671875 0.565625
1 0.690625 0.44375 0.5765625 0.44375 0.5765625 0.6828125 0.690625 0.6828125
1 0.475 0.4625 0.36406250000000007 0.4625 0.36406250000000007 0.6859375 0.475 0.6859375