2 0.3703125000000001 0.496875 0.3078125000000001 0.496875 0.3078125000000001 0.521875 0.3703125000000001 0.521875
2 0.740625 0.4828125000000001 0.6859375 0.4828125 0.6859375 0.5093750000000001 0.740625 0.5093750000000001
3 0.3703125000000001 0.4453125 0.3187500000000001 0.4453125 0.3187500000000001 0.4859375 0.3703125000000001 0.4859375
3 0.71875 0.4515625 0.678125 0.4515625 0.678125 0.4875 0.71875 0.4875
0 0.40625 0.4359375 0.37187500000000007 0.4359375 0.37187500000000007 0.45 0.40625 0.45
0 0.3281250000000001 0.4296875 0.2875000000000001 0.4296875 0.2875000000000001 0.4453125 0.3281250000000001 0.4453125
0 0.71875 0.4328125 0.6921875 0.4328125 0.6921875 0.446875 0.71875 0.446875
0 0.6640625 0.45625 0.6359375 0.45625 0.6359375 0.471875 0.6640625 0.471875
0 0.4078125 0.4296875 0.28593750000000007 0.4296875 0.28593750000000007 0.4515625 0.4078125 0.4515625
0 0.7203125 0.43125 0.6328125 0.43125 0.6328125 0.471875 0.7203125 0.471875
1 0.4171875 0.36562500000000003 0.2328125000000001 0.365625 0.2328125000000001 0.546875 0.4171875 0.546875
1 0.7671875 0.4015625000000001 0.6109375 0.4015625 0.6109375 0.5359375000000001 0.7671875 0.5359375000000002