2 0.853125 0.45312500000000017 0.7328125 0.45312500000000017 0.7328125 0.48750000000000016 0.853125 0.48750000000000016
2 0.496875 0.3765625000000001 0.43125 0.3765625000000001 0.43125 0.3984375000000001 0.496875 0.3984375000000001
2 0.05156250000000005 0.440625 5.3960999587430256e-17 0.440625 5.5300457023997667e-17 0.4625 0.05156250000000007 0.4625
3 0.49375 0.32500000000000007 0.4375 0.32500000000000007 0.4375 0.3687500000000001 0.49375 0.3687500000000001
3 0.8375 0.36406250000000007 0.74375 0.36406250000000007 0.74375 0.43281250000000016 0.8375 0.43281250000000016
0 0.9078125 0.3312500000000001 0.8328125 0.3312500000000001 0.8328125 0.3593750000000001 0.9078125 0.3593750000000001
0 0.75 0.3359375000000001 0.684375 0.3359375000000001 0.684375 0.3609375000000001 0.75 0.3609375000000001
0 0.4484375 0.3109375000000001 0.4140625 0.3109375000000001 0.4140625 0.32500000000000007 0.4484375 0.32500000000000007
0 0.5328125 0.3156250000000001 0.4984375 0.3156250000000001 0.4984375 0.3281250000000001 0.5328125 0.3281250000000001
0 0.909375 0.3312500000000001 0.68125 0.3312500000000001 0.68125 0.3625000000000001 0.909375 0.3625000000000001
1 0.9625 0.2234375000000001 0.6625 0.2234375000000001 0.6625 0.5328125000000001 0.9625 0.5328125000000001
1 0.11406250000000004 0.2625 3.214697847761802e-17 0.2625 4.649830815512607e-17 0.496875 0.11406250000000004 0.496875
1 0.575 0.2390625000000001 0.390625 0.2390625000000001 0.39062500000000006 0.4296875 0.575 0.4296875