2 0.740625 0.4359375000000001 0.6546875 0.4359375 0.6546875 0.4687500000000001 0.740625 0.46875000000000017
2 0.16406250000000008 0.553125 0.10937500000000008 0.553125 0.10937500000000008 0.590625 0.16406250000000008 0.590625
3 0.728125 0.3359375000000001 0.6703125 0.3359375000000001 0.6703125 0.42656250000000007 0.728125 0.4265625000000002
3 0.18125000000000005 0.45 0.12187500000000004 0.45 0.12187500000000004 0.5390625 0.18125000000000005 0.5390625
3 0.4046875 0.5859375 0.3812500000000001 0.5859375 0.3812500000000001 0.628125 0.4046875 0.628125
0 0.13906250000000003 0.415625 0.10468750000000004 0.415625 0.10468750000000004 0.4484375 0.13906250000000003 0.4484375
0 0.6796875 0.3156250000000001 0.640625 0.3156250000000001 0.640625 0.3375000000000001 0.6796875 0.3375000000000001
0 0.2312500000000001 0.45625 0.18906250000000005 0.45625 0.18906250000000005 0.48125 0.2312500000000001 0.48125
0 0.76875 0.3156250000000001 0.7265625 0.3156250000000001 0.7265625 0.3390625000000001 0.76875 0.3390625000000001
0 0.3906250000000001 0.571875 0.3765625000000001 0.571875 0.3765625000000001 0.5875 0.3906250000000001 0.5875
0 0.23437500000000008 0.4140625 0.10312500000000005 0.4140625 0.10312500000000005 0.4828125 0.23437500000000008 0.4828125
0 0.4203125 0.5890625 0.4078125 0.5890625 0.4078125 0.603125 0.4203125 0.603125
1 0.26875000000000004 0.3375 0.07500000000000004 0.3375 0.07500000000000005 0.63125 0.2687500000000001 0.63125
1 0.8109375 0.1843750000000001 0.615625 0.1843750000000001 0.615625 0.5156250000000001 0.8109375 0.5156250000000002
1 0.4265625 0.5328125 0.3312500000000001 0.5328125 0.3312500000000001 0.678125 0.4265625 0.678125