2 0.8796875 0.30937500000000007 0.7984375 0.30937500000000007 0.7984375 0.34062500000000007 0.8796875 0.34062500000000007
2 0.4046875 0.2984375 0.3546875 0.2984375 0.3546875 0.34687500000000004 0.4046875 0.3468750000000001
3 0.4078125 0.22656250000000006 0.3625 0.2265625 0.3625 0.2828125 0.4078125 0.2828125000000001
3 0.86875 0.2453125000000001 0.8078125 0.2453125000000001 0.8078125 0.29375000000000007 0.86875 0.29375000000000007
0 0.9109375 0.17812500000000012 0.86875 0.1781250000000001 0.86875 0.21093750000000008 0.9109375 0.21093750000000008
0 0.815625 0.18906250000000008 0.775 0.18906250000000008 0.775 0.22031250000000008 0.815625 0.22031250000000008
0 0.3640625 0.18437500000000004 0.325 0.18437500000000004 0.325 0.20625000000000004 0.3640625 0.2062500000000001
0 0.4234375 0.19531250000000006 0.3984375 0.19531250000000006 0.3984375 0.2140625000000001 0.4234375 0.2140625000000001
0 0.9125 0.17656250000000012 0.7734375 0.1765625000000001 0.7734375 0.2218750000000001 0.9125 0.2218750000000001
0 0.425 0.18281250000000004 0.31875 0.18281250000000004 0.31875 0.21562500000000004 0.425 0.2156250000000001
1 0.43125 0.06718750000000004 0.284375 0.06718750000000004 0.28437500000000004 0.39531250000000007 0.43125 0.39531250000000007
1 0.94375 0.10937500000000011 0.7578125 0.10937500000000008 0.7578125 0.40156250000000016 0.94375 0.40156250000000016