2 0.525 0.21250000000000008 0.4796875 0.21250000000000008 0.4796875 0.2718750000000001 0.525 0.2718750000000001
3 0.60625 0.2078125000000001 0.5296875 0.2078125000000001 0.5296875 0.2640625000000001 0.60625 0.2640625000000001
3 0.55625 0.584375 0.525 0.584375 0.525 0.6 0.55625 0.6
0 0.625 0.1593750000000001 0.59375 0.1593750000000001 0.59375 0.2062500000000001 0.625 0.2062500000000001
0 0.6265625 0.2531250000000001 0.6 0.2531250000000001 0.6 0.2906250000000001 0.6265625 0.2906250000000001
0 0.6296875 0.15781250000000008 0.5921875 0.15781250000000008 0.5921875 0.2921875000000001 0.6296875 0.2921875000000001
0 0.865625 0.21093750000000008 0.85625 0.21093750000000008 0.85625 0.22656250000000008 0.865625 0.22656250000000008
0 0.8671875 0.18750000000000008 0.85625 0.18750000000000008 0.85625 0.2000000000000001 0.8671875 0.2000000000000001
1 0.753125 0.13593750000000007 0.425 0.13593750000000004 0.425 0.30937500000000007 0.753125 0.30937500000000007
1 0.584375 0.5453125 0.490625 0.5453125 0.490625 0.6015625 0.584375 0.6015625
1 0.8953125 0.1828125000000001 0.8203125 0.1828125000000001 0.8203125 0.2296875000000001 0.8953125 0.2296875000000001