1 0.7390625000000001 0.5406250000000001 0.4671875 0.540625 0.4671875000000001 0.80625 0.7390625000000002 0.80625
2 0.3062500000000001 0.5421875 0.15468750000000003 0.5421875 0.15468750000000006 0.578125 0.3062500000000001 0.578125
2 0.65 0.5921875 0.5375 0.5921875 0.5375 0.6203125 0.65 0.6203125
3 0.3046875000000001 0.603125 0.1843750000000001 0.603125 0.1843750000000001 0.7 0.3046875000000001 0.7
3 0.6328125 0.628125 0.5453125 0.628125 0.5453125 0.70625 0.6328125 0.70625
0 0.1984375000000001 0.7078125 0.08593750000000008 0.7078125 0.08593750000000008 0.7484375 0.1984375000000001 0.7484375
0 0.3890625000000001 0.6921875 0.3062500000000001 0.6921875 0.3062500000000001 0.7234375 0.3890625000000001 0.7234375
0 0.684375 0.6953125 0.625 0.6953125 0.625 0.7140625 0.684375 0.7140625
0 0.55 0.690625 0.5 0.690625 0.5 0.70625 0.55 0.70625
0 0.3937500000000001 0.690625 0.08125000000000009 0.690625 0.08125000000000009 0.75 0.3937500000000001 0.75
1 0.41875000000000007 0.4796875 0.007812500000000059 0.4796875 0.007812500000000082 0.8671875 0.4187500000000002 0.8671875
0 0.684375 0.6921875 0.496875 0.6921875 0.496875 0.715625 0.684375 0.715625