1 0.928125 0.5218750000000001 0.721875 0.521875 0.721875 0.9015625 0.928125 0.9015625
2 0.3218750000000001 0.6515625 0.24218750000000008 0.6515625 0.24218750000000008 0.7015625 0.3218750000000001 0.7015625
2 0.8328125 0.5750000000000002 0.7609375 0.5750000000000002 0.7609375 0.6312500000000002 0.8328125 0.6312500000000002
3 0.3218750000000001 0.7125 0.2687500000000001 0.7125 0.2687500000000001 0.796875 0.3218750000000001 0.796875
3 0.834375 0.6421875000000001 0.775 0.6421875000000001 0.7750000000000001 0.7500000000000002 0.834375 0.7500000000000002
0 0.2750000000000001 0.803125 0.2312500000000001 0.803125 0.2312500000000001 0.8375 0.2750000000000001 0.8375
0 0.884375 0.7218750000000002 0.840625 0.7218750000000002 0.840625 0.7562500000000002 0.884375 0.7562500000000002
0 0.3609375000000001 0.7765625 0.3265625000000001 0.7765625 0.3265625000000001 0.8015625 0.3609375000000001 0.8015625
0 0.7843750000000002 0.7265625000000002 0.7437500000000001 0.7265625000000002 0.7437500000000001 0.7546875000000002 0.7843750000000002 0.7546875000000002
0 0.3625000000000001 0.775 0.2296875000000001 0.775 0.2296875000000001 0.8390625 0.3625000000000001 0.8390625
0 0.8859375 0.7218750000000002 0.7421875 0.7218750000000002 0.7421875000000001 0.7609375000000002 0.8859375 0.7609375000000002
1 0.3750000000000001 0.596875 0.1593750000000001 0.596875 0.1593750000000001 0.94375 0.3750000000000001 0.94375