1 0.8453125 0.6593750000000002 0.7484375 0.6593750000000002 0.7484375000000001 0.7703125000000002 0.8453125 0.7703125000000002
2 0.7765625 0.7109375000000002 0.7609375 0.7109375000000002 0.7609375 0.7562500000000002 0.7765625000000002 0.7562500000000002
2 0.33281250000000007 0.7 0.31718750000000007 0.7 0.31718750000000007 0.740625 0.33281250000000007 0.740625
2 0.7828125 0.2296875000000001 0.76875 0.2296875000000001 0.76875 0.2734375000000001 0.7828125 0.2734375000000001
2 0.325 0.2203125 0.309375 0.2203125 0.309375 0.2640625 0.325 0.2640625
3 0.80625 0.7078125000000002 0.7765625 0.7078125000000002 0.7765625 0.7437500000000001 0.80625 0.7437500000000001
3 0.3546875 0.2234375 0.3296875 0.2234375 0.3296875 0.2578125 0.3546875 0.2578125
3 0.809375 0.2390625000000001 0.784375 0.2390625000000001 0.784375 0.2734375000000001 0.809375 0.2734375000000001
3 0.3593750000000001 0.6984375 0.3343750000000001 0.6984375 0.3343750000000001 0.7296875 0.3593750000000001 0.7296875
0 0.365625 0.2515625 0.3546875 0.2515625 0.3546875 0.275 0.365625 0.2750000000000001
0 0.3593750000000001 0.6671875 0.3500000000000001 0.6671875 0.3500000000000001 0.6921875 0.3593750000000001 0.6921875
0 0.359375 0.19375000000000003 0.35 0.19375000000000003 0.35 0.221875 0.359375 0.221875
0 0.8203125 0.22812500000000008 0.8109375 0.22812500000000008 0.8109375 0.2500000000000001 0.8203125 0.2500000000000001
0 0.37187500000000007 0.7203125 0.3625000000000001 0.7203125 0.3625000000000001 0.7421875 0.37187500000000007 0.7421875
0 0.8125 0.27812500000000007 0.803125 0.27812500000000007 0.803125 0.3031250000000001 0.8125 0.3031250000000001
0 0.8125 0.7328125000000002 0.803125 0.7328125000000002 0.803125 0.7578125000000002 0.8125 0.7578125000000002
0 0.7984375 0.6781250000000002 0.790625 0.6781250000000002 0.790625 0.7062500000000002 0.7984375 0.7062500000000002
0 0.821875 0.22656250000000008 0.803125 0.22656250000000008 0.803125 0.3031250000000001 0.821875 0.3031250000000001
0 0.8125 0.6781250000000002 0.790625 0.6781250000000002 0.7906250000000001 0.7578125000000002 0.8125 0.7578125000000002
0 0.3734375000000001 0.665625 0.34843750000000007 0.665625 0.34843750000000007 0.74375 0.3734375000000001 0.74375
0 0.365625 0.19218750000000004 0.35 0.19218750000000004 0.35 0.27656250000000004 0.365625 0.2765625000000001
1 0.3984375 0.17343750000000005 0.2921875 0.17343750000000005 0.2921875 0.28750000000000003 0.3984375 0.2875000000000001
1 0.8515625 0.21093750000000008 0.7515625 0.21093750000000008 0.7515625 0.3203125000000001 0.8515625 0.3203125000000001
1 0.3968750000000001 0.6484375 0.30156250000000007 0.6484375 0.30156250000000007 0.7578125 0.3968750000000001 0.7578125