2 0.5625000000000002 0.8125 0.5187500000000002 0.8125 0.5187500000000002 0.94375 0.5625000000000002 0.94375
2 0.596875 0.3968750000000001 0.5625 0.3968750000000001 0.5625 0.45625 0.596875 0.45625
3 0.7468750000000002 0.8265625 0.5984375000000002 0.8265625 0.5984375000000002 0.9265625 0.7468750000000002 0.9265625
3 0.65625 0.4125 0.6015625 0.4125 0.6015625 0.453125 0.65625 0.453125
0 0.7640625000000002 0.7609375 0.7140625000000002 0.7609375 0.7140625000000002 0.8296875 0.7640625000000002 0.8296875
0 0.803125 0.9234375 0.7421875000000002 0.9234375 0.7421875000000002 1 0.803125 1
0 0.8046875 0.7578125000000001 0.7125000000000001 0.7578125 0.7125000000000001 0.9984375 0.8046875 0.9984375
0 0.671875 0.3859375000000001 0.653125 0.3859375000000001 0.653125 0.4171875 0.671875 0.4171875
0 0.6625 0.4484375 0.646875 0.4484375 0.646875 0.46875 0.6625 0.46875
0 0.675 0.3828125000000001 0.646875 0.3828125000000001 0.646875 0.4703125 0.675 0.4703125
1 0.9625 0.7406250000000001 0.4281250000000002 0.740625 0.4281250000000002 1 0.9625 1
1 0.75 0.3546875000000001 0.5328125 0.3546875000000001 0.5328125 0.4765625000000001 0.75 0.47656250000000017