1 0.4046875 0.290625 0.3140625 0.290625 0.3140625 0.38906250000000003 0.4046875 0.3890625000000001
1 0.8671875 0.3046875000000001 0.7890625 0.3046875000000001 0.7890625 0.3984375000000001 0.8671875 0.3984375000000001
1 0.7125000000000001 0.815625 0.6015625000000002 0.815625 0.6015625000000002 0.95 0.7125000000000001 0.95
1 0.28593750000000007 0.8171875 0.1703125000000001 0.8171875 0.17031250000000012 0.95 0.28593750000000007 0.95
2 0.1859375000000001 0.7125 0.17187500000000008 0.7125 0.17187500000000008 0.753125 0.1859375000000001 0.753125
2 0.20312500000000008 0.8734375 0.1906250000000001 0.8734375 0.1906250000000001 0.925 0.20312500000000008 0.925
2 0.5453125 0.17187500000000006 0.5265625 0.17187500000000006 0.5265625 0.2375000000000001 0.5453125 0.2375000000000001
2 0.21875000000000008 0.521875 0.20312500000000008 0.521875 0.20312500000000008 0.5671875 0.21875000000000008 0.5671875
2 0.6390625000000002 0.884375 0.6203125000000002 0.884375 0.6203125000000002 0.93125 0.6390625000000002 0.93125
2 0.14687500000000003 0.390625 0.13281250000000006 0.390625 0.13281250000000006 0.440625 0.14687500000000003 0.440625
2 0.7375 0.6765625000000001 0.7234375 0.6765625 0.7234375 0.7171875000000001 0.7375 0.7171875000000002
2 0.678125 0.11562500000000009 0.6625 0.11562500000000009 0.6625 0.16562500000000008 0.678125 0.16562500000000008
2 0.746875 0.22656250000000008 0.728125 0.22656250000000008 0.728125 0.2640625000000001 0.746875 0.2640625000000001
2 0.15312500000000004 0.209375 0.14062500000000006 0.209375 0.14062500000000006 0.2484375 0.15312500000000004 0.2484375
2 0.828125 0.36406250000000007 0.80625 0.36406250000000007 0.80625 0.3937500000000001 0.828125 0.3937500000000001
2 0.3375 0.328125 0.325 0.328125 0.325 0.3609375 0.3375 0.3609375
2 0.2859375 0.19687500000000005 0.2734375 0.19687500000000005 0.2734375 0.234375 0.2859375 0.234375
2 0.3656250000000001 0.8078125 0.3531250000000001 0.8078125 0.3531250000000001 0.8421875 0.3656250000000001 0.8421875
2 0.5859375 0.6640625 0.575 0.6640625 0.575 0.70625 0.5859375 0.70625
2 0.8140625 0.81875 0.8015625 0.81875 0.8015625 0.85625 0.8140625 0.85625
2 0.6734375 0.3531250000000001 0.6625 0.3531250000000001 0.6625 0.403125 0.6734375 0.403125
2 0.6640625 0.51875 0.6546875 0.51875 0.6546875 0.5390625 0.6640625 0.5390625
3 0.5796875 0.18593750000000006 0.54375 0.18593750000000003 0.54375 0.2328125000000001 0.5796875 0.2328125000000001
3 0.2484375000000001 0.5375 0.22031250000000008 0.5375 0.22031250000000008 0.571875 0.2484375000000001 0.571875
3 0.6656250000000001 0.878125 0.6375000000000002 0.878125 0.6375000000000002 0.915625 0.6656250000000001 0.915625
3 0.6984375 0.36406250000000007 0.6765625 0.36406250000000007 0.6765625 0.4 0.6984375 0.4
3 0.615625 0.671875 0.590625 0.671875 0.590625 0.703125 0.615625 0.703125
3 0.7078125 0.12656250000000008 0.6765625 0.12656250000000008 0.6765625 0.16406250000000008 0.7078125 0.16406250000000008
3 0.17500000000000004 0.3890625 0.15000000000000005 0.3890625 0.15000000000000005 0.4265625 0.17500000000000004 0.4265625
3 0.2328125000000001 0.878125 0.2078125000000001 0.878125 0.2078125000000001 0.915625 0.2328125000000001 0.915625
3 0.3890625000000001 0.8015625 0.36406250000000007 0.8015625 0.36406250000000007 0.8265625 0.3890625000000001 0.8265625
3 0.8390625 0.815625 0.815625 0.815625 0.815625 0.84375 0.8390625 0.84375
3 0.2140625000000001 0.7125 0.18906250000000008 0.7125 0.18906250000000008 0.740625 0.2140625000000001 0.740625
3 0.18125000000000005 0.2140625 0.15625000000000006 0.2140625 0.15625000000000006 0.2453125 0.18125000000000005 0.2453125
3 0.31718750000000007 0.7078125 0.2921875000000001 0.7078125 0.2921875000000001 0.7359375 0.31718750000000007 0.7359375
3 0.765625 0.6890625000000001 0.740625 0.6890625000000001 0.740625 0.7187500000000002 0.765625 0.7187500000000002
3 0.69375 0.5203125 0.66875 0.5203125 0.66875 0.5390625 0.69375 0.5390625
3 0.3968750000000001 0.815625 0.3687500000000001 0.815625 0.3687500000000001 0.85625 0.3968750000000001 0.85625
3 0.765625 0.2500000000000001 0.7453125 0.2500000000000001 0.7453125 0.2750000000000001 0.765625 0.2750000000000001
3 0.315625 0.209375 0.290625 0.209375 0.290625 0.2375 0.315625 0.2375
3 0.7625 0.2687500000000001 0.7359375 0.2687500000000001 0.7359375 0.3000000000000001 0.7625 0.3000000000000001
0 0.5953125 0.16562500000000008 0.5828125 0.16562500000000008 0.5828125 0.19687500000000008 0.5953125 0.19687500000000008
0 0.58125 0.2390625000000001 0.56875 0.2390625000000001 0.56875 0.2765625000000001 0.58125 0.2765625000000001
0 0.203125 0.06718750000000002 0.190625 0.06718750000000002 0.190625 0.10000000000000005 0.203125 0.10000000000000005
0 0.18437500000000004 0.2453125 0.17500000000000004 0.2453125 0.17500000000000004 0.2703125 0.18437500000000004 0.2703125
0 0.18750000000000006 0.19531250000000003 0.17812500000000003 0.1953125 0.17812500000000003 0.2171875 0.18750000000000006 0.2171875
0 0.61875 0.6546875 0.609375 0.6546875 0.609375 0.6765625 0.61875 0.6765625
0 0.6984375 0.540625 0.6890625 0.540625 0.6890625 0.5671875 0.6984375 0.5671875
0 0.2609375000000001 0.5234375 0.2500000000000001 0.5234375 0.2500000000000001 0.5484375 0.2609375000000001 0.5484375
0 0.7171875 0.10312500000000009 0.7046875 0.10312500000000009 0.7046875 0.1375000000000001 0.7171875 0.1375000000000001
0 0.78125 0.2375000000000001 0.7703125 0.2375000000000001 0.7703125 0.2562500000000001 0.78125 0.2562500000000001
0 0.61875 0.7046875 0.609375 0.7046875 0.609375 0.725 0.61875 0.725
0 0.6812500000000001 0.896875 0.6687500000000002 0.896875 0.6687500000000002 0.921875 0.6812500000000001 0.921875
0 0.8546875 0.3531250000000001 0.8421875 0.3531250000000001 0.8421875 0.3687500000000001 0.8546875 0.3687500000000001
0 0.21875000000000008 0.69375 0.2093750000000001 0.69375 0.2093750000000001 0.7125 0.21875000000000008 0.7125
0 0.2468750000000001 0.9078125 0.23593750000000008 0.9078125 0.23593750000000008 0.9359375 0.2468750000000001 0.9359375
0 0.8453125 0.8375 0.8359375 0.8375 0.8359375 0.853125 0.8453125 0.853125
0 0.83125 0.3234375000000001 0.81875 0.3234375000000001 0.81875 0.3390625000000001 0.83125 0.3390625000000001
0 0.7640625 0.2828125000000001 0.7546875 0.2828125000000001 0.7546875 0.30156250000000007 0.7640625 0.30156250000000007
0 0.17968750000000006 0.359375 0.17031250000000003 0.359375 0.17031250000000003 0.384375 0.17968750000000006 0.384375
0 0.70625 0.16562500000000008 0.696875 0.16562500000000008 0.696875 0.1984375000000001 0.70625 0.1984375000000001
0 0.70625 0.4 0.696875 0.4 0.696875 0.428125 0.70625 0.428125
0 0.834375 0.7906250000000001 0.825 0.7906250000000001 0.825 0.8109375 0.834375 0.8109375
0 0.37343750000000003 0.3421875000000001 0.3640625 0.3421875000000001 0.36406250000000007 0.36406250000000007 0.3734375000000001 0.36406250000000007
0 0.6656250000000001 0.8421875 0.6531250000000002 0.8421875 0.6531250000000002 0.8671875 0.6656250000000001 0.8671875
0 0.771875 0.6750000000000002 0.7625 0.6750000000000002 0.7625 0.6921875000000002 0.771875 0.6921875000000002
0 0.18906250000000005 0.41875 0.17812500000000003 0.41875 0.17812500000000003 0.446875 0.18906250000000005 0.446875
0 0.2468750000000001 0.5765625 0.2375000000000001 0.5765625 0.2375000000000001 0.6078125 0.2468750000000001 0.6078125
0 0.3125 0.240625 0.3046875 0.240625 0.3046875 0.2625 0.3125 0.2625
0 0.7109375 0.3437500000000001 0.7015625 0.3437500000000001 0.7015625 0.3687500000000001 0.7109375 0.3687500000000001
0 0.2500000000000001 0.8359375 0.2250000000000001 0.8359375 0.2250000000000001 0.9484375 0.2500000000000001 0.9484375
0 0.3203125 0.19687500000000005 0.3125 0.19687500000000005 0.3125 0.2125 0.3203125 0.2125
0 0.5984375 0.1625000000000001 0.5671875 0.1625000000000001 0.5671875 0.2796875000000001 0.5984375 0.2796875000000001
0 0.3640625 0.30000000000000004 0.3546875 0.3 0.3546875 0.31875000000000003 0.3640625 0.3187500000000001
0 0.7640625000000001 0.7218750000000002 0.7578125 0.7218750000000002 0.7578125000000001 0.7406250000000002 0.7640625000000002 0.7406250000000002
0 0.3843750000000001 0.7828125 0.3781250000000001 0.7828125 0.3781250000000001 0.8 0.3843750000000001 0.8
0 0.3125000000000001 0.740625 0.3031250000000001 0.740625 0.3031250000000001 0.7625 0.3125000000000001 0.7625
0 0.7125 0.3203125000000001 0.68125 0.3203125000000001 0.68125 0.4484375 0.7125 0.4484375
0 0.19531250000000006 0.3390625 0.15468750000000003 0.3390625 0.15468750000000003 0.465625 0.19531250000000006 0.465625
0 0.2171875000000001 0.734375 0.2093750000000001 0.734375 0.2093750000000001 0.759375 0.2171875000000001 0.759375
0 0.6875000000000002 0.8390625 0.6468750000000002 0.8390625 0.6468750000000002 0.9390625 0.6875000000000002 0.9390625
0 0.2390625000000001 0.8390625 0.22812500000000008 0.8390625 0.22812500000000008 0.8734375 0.2390625000000001 0.8734375
0 0.3234375000000001 0.696875 0.3140625000000001 0.696875 0.3140625000000001 0.7125 0.3234375000000001 0.7125
0 0.3968750000000001 0.8171875 0.38750000000000007 0.8171875 0.38750000000000007 0.8421875 0.3968750000000001 0.8421875
0 0.621875 0.65 0.609375 0.65 0.609375 0.725 0.621875 0.725
0 0.7140625 0.11562500000000009 0.7046875 0.11562500000000009 0.7046875 0.1375000000000001 0.7140625 0.1375000000000001
1 0.75625 0.0906250000000001 0.646875 0.0906250000000001 0.646875 0.2156250000000001 0.75625 0.2156250000000001
1 0.2984375000000001 0.5203125 0.18906250000000005 0.5203125 0.18906250000000008 0.6140625 0.2984375000000001 0.6140625
1 0.621875 0.13750000000000007 0.5046875 0.13750000000000004 0.5046875 0.29375000000000007 0.621875 0.29375000000000007
1 0.8765625 0.7812500000000002 0.7921875000000002 0.7812500000000002 0.7921875000000002 0.875 0.8765625 0.875
1 0.7453125 0.5203125000000001 0.6421875 0.5203125 0.6421875 0.5734375 0.7453125 0.5734375000000002
1 0.22656250000000006 0.3421875 0.11562500000000005 0.3421875 0.11562500000000005 0.4765625 0.22656250000000008 0.4765625
1 0.746875 0.3187500000000001 0.646875 0.3187500000000001 0.646875 0.4515625000000001 0.746875 0.4515625000000002
1 0.2484375 0.051562500000000025 0.1375 0.051562500000000025 0.1375 0.11562500000000002 0.2484375 0.11562500000000005
1 0.8 0.6562500000000001 0.709375 0.65625 0.7093750000000001 0.7468750000000001 0.8 0.7468750000000002
1 0.6406250000000001 0.63125 0.5625 0.63125 0.5625000000000001 0.7296875 0.6406250000000002 0.7296875
1 0.8046875 0.2156250000000001 0.71875 0.2156250000000001 0.71875 0.3062500000000001 0.8046875 0.3062500000000001
1 0.4265625000000002 0.778125 0.3390625000000001 0.778125 0.3390625000000001 0.865625 0.4265625000000002 0.865625
1 0.35 0.17500000000000004 0.259375 0.17500000000000004 0.259375 0.271875 0.35 0.271875
1 0.24218750000000008 0.6875 0.1609375000000001 0.6875 0.1609375000000001 0.7828125 0.24218750000000008 0.7828125
1 0.3515625000000001 0.678125 0.2812500000000001 0.678125 0.2812500000000001 0.76875 0.3515625000000001 0.76875
1 0.2078125 0.184375 0.12656250000000005 0.184375 0.12656250000000005 0.284375 0.2078125 0.284375
3 0.840625 0.34062500000000007 0.8234375 0.34062500000000007 0.8234375 0.37187500000000007 0.840625 0.37187500000000007
3 0.359375 0.3234375 0.3375 0.3234375 0.3375 0.3390625 0.359375 0.3390625