2 0.653125 0.54375 0.621875 0.54375 0.621875 0.5921875 0.653125 0.5921875
2 0.659375 0.34062500000000007 0.63125 0.34062500000000007 0.63125 0.3906250000000001 0.659375 0.3906250000000001
3 0.615625 0.553125 0.5578125 0.553125 0.5578125 0.5875 0.615625 0.5875
3 0.61875 0.3500000000000001 0.55625 0.3500000000000001 0.55625 0.3859375000000001 0.61875 0.3859375000000001
0 0.5703125 0.590625 0.546875 0.590625 0.546875 0.61875 0.5703125 0.61875
0 0.5578125 0.5359375 0.5328125 0.5359375 0.5328125 0.5609375 0.5578125 0.5609375
0 0.5609375 0.3218750000000001 0.5390625 0.3218750000000001 0.5390625 0.3531250000000001 0.5609375 0.3531250000000001
0 0.5609375 0.3812500000000001 0.5390625 0.3812500000000001 0.5390625 0.4078125 0.5609375 0.4078125
0 0.571875 0.5328125 0.53125 0.5328125 0.53125 0.6203125 0.571875 0.6203125
0 0.5640625 0.3203125000000001 0.5359375 0.3203125000000001 0.5359375 0.409375 0.5640625 0.409375
1 0.7015625 0.30156250000000007 0.4421875 0.30156250000000007 0.4421875 0.4203125 0.7015625 0.4203125
1 0.6984375 0.5203125 0.4578125 0.5203125 0.4578125 0.6359375 0.6984375 0.6359375