1 0.7703125 0.1546875000000001 0.659375 0.1546875000000001 0.659375 0.2515625000000001 0.7703125 0.2515625000000001
2 0.75625 0.2234375000000001 0.7109375 0.2234375000000001 0.7109375 0.2390625000000001 0.75625 0.2390625000000001
2 0.740625 0.6671875 0.7 0.6671875 0.7 0.6828125 0.740625 0.6828125000000002
2 0.2734375 0.21875 0.2296875 0.21875 0.2296875 0.2328125 0.2734375 0.2328125
2 0.2640625000000001 0.6765625 0.22031250000000008 0.6765625 0.22031250000000008 0.690625 0.2640625000000001 0.690625
3 0.74375 0.1937500000000001 0.7078125 0.1937500000000001 0.7078125 0.2234375000000001 0.74375 0.2234375000000001
3 0.2562500000000001 0.6453125 0.2234375000000001 0.6453125 0.2234375000000001 0.671875 0.2562500000000001 0.671875
3 0.2734375 0.19062500000000004 0.2390625 0.19062500000000004 0.2390625 0.215625 0.2734375 0.215625
3 0.7296875 0.6406250000000001 0.696875 0.640625 0.696875 0.6656250000000001 0.7296875 0.6656250000000001
0 0.2750000000000001 0.6359375 0.2515625000000001 0.6359375 0.2515625000000001 0.646875 0.2750000000000001 0.646875
0 0.6921875 0.640625 0.6671875 0.640625 0.6671875 0.65 0.6921875 0.65
0 0.22031250000000008 0.640625 0.1937500000000001 0.640625 0.1937500000000001 0.65 0.22031250000000008 0.65
0 0.25 0.17968750000000006 0.228125 0.17968750000000006 0.228125 0.18906250000000005 0.25 0.18906250000000005
0 0.740625 0.628125 0.7203125 0.628125 0.7203125 0.6390625000000001 0.740625 0.6390625000000002
0 0.303125 0.18906250000000005 0.278125 0.18906250000000005 0.278125 0.19843750000000004 0.303125 0.19843750000000004
0 0.7578125 0.18906250000000008 0.7328125 0.18906250000000008 0.7328125 0.19687500000000008 0.7578125 0.19687500000000008
0 0.70625 0.2015625000000001 0.678125 0.2015625000000001 0.678125 0.2093750000000001 0.70625 0.2093750000000001
0 0.303125 0.17812500000000003 0.2265625 0.17812500000000003 0.2265625 0.19843750000000004 0.303125 0.19843750000000004
0 0.7578125 0.18750000000000008 0.678125 0.18750000000000008 0.678125 0.2093750000000001 0.7578125 0.2093750000000001
0 0.7421875 0.6265625000000001 0.665625 0.6265625 0.665625 0.6515625 0.7421875 0.6515625000000002
0 0.2765625000000001 0.634375 0.1921875000000001 0.634375 0.1921875000000001 0.6515625 0.2765625000000001 0.6515625
1 0.2875000000000001 0.6015625 0.17343750000000008 0.6015625 0.17343750000000008 0.7078125 0.2875000000000001 0.7078125
1 0.3203125 0.14843750000000006 0.2109375 0.14843750000000006 0.2109375 0.2484375 0.3203125 0.2484375
1 0.7578125 0.6046875 0.646875 0.6046875 0.646875 0.7000000000000001 0.7578125 0.7000000000000002