2 0.778125 0.4515625000000001 0.6953125 0.4515625 0.6953125 0.4921875000000001 0.778125 0.49218750000000017
2 0.1625000000000001 0.6375 0.12343750000000009 0.6375 0.12343750000000009 0.6671875 0.1625000000000001 0.6671875
3 0.7609375 0.36406250000000007 0.7046875 0.36406250000000007 0.7046875 0.4453125000000001 0.7609375 0.44531250000000017
3 0.17343750000000008 0.59375 0.1359375000000001 0.59375 0.1359375000000001 0.6421875 0.17343750000000008 0.6421875
3 0.3468750000000001 0.428125 0.32500000000000007 0.428125 0.32500000000000007 0.465625 0.3468750000000001 0.465625
0 0.7984375 0.3421875000000001 0.7546875 0.3421875000000001 0.7546875 0.3656250000000001 0.7984375 0.3656250000000001
0 0.7109375 0.3500000000000001 0.6734375 0.3500000000000001 0.6734375 0.3703125000000001 0.7109375 0.3703125000000001
0 0.1515625000000001 0.5671875 0.1281250000000001 0.5671875 0.1281250000000001 0.5875 0.1515625000000001 0.5875
0 0.20468750000000008 0.59375 0.1765625000000001 0.59375 0.1765625000000001 0.6125 0.20468750000000008 0.6125
0 0.3671875000000001 0.4296875 0.3500000000000001 0.4296875 0.3500000000000001 0.4453125 0.3671875000000001 0.4453125
0 0.33281250000000007 0.4203125 0.3187500000000001 0.4203125 0.3187500000000001 0.434375 0.33281250000000007 0.434375
0 0.8 0.3390625000000001 0.671875 0.3390625000000001 0.671875 0.37187500000000007 0.8 0.37187500000000007
0 0.5734375 0.3937500000000001 0.5640625 0.3937500000000001 0.5640625 0.40625 0.5734375 0.40625
1 0.8390625 0.22812500000000008 0.65625 0.22812500000000008 0.65625 0.5390625000000001 0.8390625 0.5390625000000002
1 0.2218750000000001 0.55 0.10468750000000009 0.55 0.10468750000000009 0.7171875 0.2218750000000001 0.7171875
1 0.37968750000000007 0.38750000000000007 0.30937500000000007 0.3875 0.30937500000000007 0.5125 0.37968750000000007 0.5125
1 0.575 0.3656250000000001 0.540625 0.3656250000000001 0.540625 0.4921875 0.575 0.4921875