2 0.734375 0.18125000000000008 0.7 0.18125000000000008 0.7 0.24375000000000008 0.734375 0.24375000000000008
2 0.5734375 0.66875 0.546875 0.66875 0.5468750000000001 0.74375 0.5734375000000002 0.74375
2 0.690625 0.4203125 0.6734375 0.4203125 0.6734375 0.4484375 0.690625 0.4484375
3 0.8046875 0.1859375000000001 0.7390625 0.1859375000000001 0.7390625 0.2328125000000001 0.8046875 0.2328125000000001
3 0.6703125000000001 0.6765625 0.5921875 0.6765625 0.5921875000000001 0.73125 0.6703125000000002 0.73125
3 0.7328125 0.4203125000000001 0.69375 0.4203125 0.69375 0.4437500000000001 0.7328125 0.4437500000000002
0 0.7062500000000002 0.7296875 0.6750000000000002 0.7296875 0.6750000000000002 0.7765625 0.7062500000000002 0.7765625
0 0.6921875 0.640625 0.6640625 0.640625 0.6640625 0.6796875 0.6921875 0.6796875
0 0.81875 0.1468750000000001 0.8 0.1468750000000001 0.8 0.1843750000000001 0.81875 0.1843750000000001
0 0.8203125 0.21875000000000008 0.803125 0.21875000000000008 0.803125 0.2500000000000001 0.8203125 0.2500000000000001
0 0.7359375 0.40312500000000007 0.7234375 0.403125 0.7234375 0.41875000000000007 0.7359375 0.4187500000000002
0 0.7375 0.43750000000000017 0.7265625 0.43750000000000017 0.7265625 0.4500000000000002 0.7375 0.4500000000000002
0 0.7078125000000001 0.6375 0.6609375 0.6375 0.6609375000000001 0.78125 0.7078125000000002 0.78125
0 0.8234375 0.1437500000000001 0.796875 0.1437500000000001 0.796875 0.2531250000000001 0.8234375 0.2531250000000001
1 0.896875 0.12656250000000008 0.6640625 0.12656250000000008 0.6640625 0.27031250000000007 0.896875 0.27031250000000007
1 0.8109375 0.6296875000000001 0.4859375 0.6296875 0.4859375000000001 0.8046875 0.8109375 0.8046875
1 0.7734375 0.3859375000000001 0.6484375 0.3859375000000001 0.6484375 0.45781250000000007 0.7734375 0.4578125000000002
0 0.7375 0.40312500000000007 0.725 0.403125 0.725 0.45000000000000007 0.7375 0.4500000000000002