2 0.4703125000000001 0.6796875 0.4359375 0.6796875 0.4359375000000001 0.778125 0.4703125000000002 0.778125
2 0.4125 0.21250000000000008 0.365625 0.21250000000000008 0.365625 0.3218750000000001 0.4125 0.3218750000000001
3 0.34375 0.240625 0.2296875 0.240625 0.2296875 0.321875 0.34375 0.321875
3 0.4093750000000001 0.6875 0.2968750000000001 0.6875 0.2968750000000001 0.7671875 0.40937500000000016 0.7671875
0 0.225 0.17343750000000005 0.1875 0.17343750000000005 0.18750000000000003 0.2390625 0.225 0.2390625
0 0.3031250000000001 0.7640625 0.2609375000000001 0.7640625 0.2609375000000001 0.8296875 0.3031250000000001 0.8296875
0 0.3109375000000001 0.634375 0.2671875000000001 0.634375 0.2671875000000001 0.690625 0.3109375000000001 0.690625
0 0.25000000000000006 0.3125 0.215625 0.3125 0.21562500000000004 0.371875 0.2500000000000001 0.371875
0 0.3109375000000001 0.63125 0.2578125000000001 0.63125 0.2578125000000001 0.83125 0.3109375000000001 0.83125
0 0.25000000000000006 0.17187500000000006 0.1859375 0.17187500000000006 0.18593750000000003 0.375 0.2500000000000001 0.375
1 0.4953125 0.10781250000000002 0.03281250000000001 0.1078125 0.03281250000000003 0.3921875 0.4953125 0.3921875000000001
1 0.5484375000000001 0.6109375 0.08906250000000007 0.6109375 0.08906250000000009 0.8609375 0.5484375000000001 0.8609375