2 0.6468750000000002 0.8140625 0.6312500000000002 0.8140625 0.6312500000000002 0.85625 0.6468750000000002 0.85625
2 0.646875 0.671875 0.6296875 0.671875 0.6296875 0.7125 0.646875 0.7125
2 0.13125000000000003 0.3578125 0.11562500000000005 0.3578125 0.11562500000000005 0.4 0.13125000000000003 0.4
2 0.475 0.2250000000000001 0.459375 0.2250000000000001 0.459375 0.2687500000000001 0.475 0.2687500000000001
2 0.4890625 0.37187500000000007 0.4734375 0.37187500000000007 0.4734375 0.4078125 0.4890625 0.4078125
2 0.2968750000000001 0.615625 0.2796875000000001 0.615625 0.2796875000000001 0.659375 0.2968750000000001 0.659375
2 0.27343750000000006 0.328125 0.2609375 0.328125 0.26093750000000004 0.3671875 0.2734375000000001 0.3671875
2 0.09531250000000002 0.196875 0.07812500000000003 0.196875 0.07812500000000003 0.24375 0.09531250000000002 0.24375
2 0.2921875000000001 0.7984375 0.2796875000000001 0.7984375 0.2796875000000001 0.8484375 0.2921875000000001 0.8484375
2 0.453125 0.621875 0.440625 0.621875 0.440625 0.6640625 0.453125 0.6640625
2 0.8140625 0.6328125000000002 0.8015625 0.6328125000000002 0.8015625 0.6734375000000001 0.8140625 0.6734375000000001
2 0.64375 0.2015625000000001 0.63125 0.2015625000000001 0.63125 0.24375000000000008 0.64375 0.24375000000000008
2 0.7875000000000002 0.7812500000000002 0.7750000000000001 0.7812500000000002 0.7750000000000001 0.81875 0.7875000000000002 0.81875
2 0.4281250000000002 0.8421875 0.4156250000000002 0.8421875 0.4156250000000002 0.8859375 0.4281250000000002 0.8859375
2 0.2515625 0.12343750000000005 0.2390625 0.12343750000000005 0.2390625 0.15781250000000005 0.2515625 0.15781250000000005
2 0.6203125 0.3312500000000001 0.6078125 0.3312500000000001 0.6078125 0.3656250000000001 0.6203125 0.3656250000000001
3 0.6921875 0.6765625 0.6546875 0.6765625 0.6546875 0.7109375 0.6921875 0.7109375
3 0.14218750000000005 0.2 0.10468750000000004 0.2 0.10468750000000004 0.2375 0.14218750000000005 0.2375
3 0.5171875 0.2312500000000001 0.4828125 0.2312500000000001 0.4828125 0.2656250000000001 0.5171875 0.2656250000000001
3 0.6828125000000002 0.81875 0.6515625000000002 0.81875 0.6515625000000002 0.85625 0.6828125000000002 0.85625
3 0.48125 0.6375 0.45625 0.6375 0.45625 0.6671875 0.48125 0.6671875
3 0.17187500000000006 0.3640625 0.13750000000000004 0.3640625 0.13750000000000004 0.4015625 0.17187500000000006 0.4015625
3 0.525 0.3687500000000001 0.4953125 0.3687500000000001 0.4953125 0.4046875 0.525 0.4046875
3 0.3281250000000001 0.8046875 0.2968750000000001 0.8046875 0.2968750000000001 0.840625 0.3281250000000001 0.840625
3 0.3343750000000001 0.6296875 0.3031250000000001 0.6296875 0.3031250000000001 0.665625 0.3343750000000001 0.665625
3 0.45625000000000016 0.85625 0.4312500000000002 0.85625 0.4312500000000002 0.8828125 0.45625000000000016 0.8828125
3 0.671875 0.20312500000000008 0.646875 0.20312500000000008 0.646875 0.23437500000000008 0.671875 0.23437500000000008
3 0.8390625 0.6296875000000002 0.8140625 0.6296875000000002 0.8140625 0.6625000000000002 0.8390625 0.6625000000000002
3 0.2796875 0.12968750000000004 0.25625 0.12968750000000004 0.25625 0.15937500000000004 0.2796875 0.15937500000000004
3 0.6484375 0.3375000000000001 0.6265625 0.3375000000000001 0.6265625 0.3625000000000001 0.6484375 0.3625000000000001
3 0.30312500000000003 0.3359375 0.278125 0.3359375 0.27812500000000007 0.3640625 0.3031250000000001 0.3640625
3 0.8109375 0.7859375000000002 0.7906250000000001 0.7859375000000002 0.7906250000000001 0.8109375 0.8109375 0.8109375
3 0.4890625 0.5859375 0.4703125 0.5859375 0.4703125 0.609375 0.4890625 0.609375
0 0.284375 0.16250000000000003 0.275 0.16250000000000003 0.275 0.18437500000000004 0.284375 0.18437500000000004
0 0.8359375 0.6031250000000001 0.8265625 0.6031250000000001 0.8265625 0.6281250000000002 0.8359375 0.6281250000000002
0 0.528125 0.3421875000000001 0.51875 0.3421875000000001 0.51875 0.3671875000000001 0.528125 0.3671875000000001
0 0.69375 0.646875 0.684375 0.646875 0.684375 0.6734375 0.69375 0.6734375
0 0.6843750000000002 0.85625 0.6750000000000002 0.85625 0.6750000000000002 0.8828125 0.6843750000000002 0.8828125
0 0.5203125 0.20468750000000008 0.5109375 0.20468750000000008 0.5109375 0.2312500000000001 0.5203125 0.2312500000000001
0 0.14375000000000002 0.1671875 0.134375 0.1671875 0.13437500000000002 0.196875 0.14375000000000004 0.196875
0 0.3296875000000001 0.78125 0.3203125000000001 0.78125 0.3203125000000001 0.80625 0.3296875000000001 0.80625
0 0.6859375000000002 0.7953125 0.6765625000000002 0.7953125 0.6765625000000002 0.821875 0.6859375000000002 0.821875
0 0.17187500000000006 0.403125 0.16250000000000003 0.403125 0.16250000000000003 0.43125 0.17187500000000006 0.43125
0 0.3296875000000001 0.8390625 0.3203125000000001 0.8390625 0.3203125000000001 0.865625 0.3296875000000001 0.865625
0 0.2890625 0.11406250000000004 0.2796875 0.11406250000000004 0.2796875 0.13437500000000005 0.2890625 0.13437500000000005
0 0.4875 0.6203125 0.478125 0.6203125 0.478125 0.6453125 0.4875 0.6453125
0 0.3437500000000001 0.6125 0.33281250000000007 0.6125 0.33281250000000007 0.6390625 0.3437500000000001 0.6390625
0 0.3359375000000001 0.665625 0.3265625000000001 0.665625 0.3265625000000001 0.684375 0.3359375000000001 0.684375
0 0.53125 0.4 0.521875 0.4 0.521875 0.4234375 0.53125 0.4234375
0 0.671875 0.18125000000000008 0.6625 0.18125000000000008 0.6625 0.20312500000000008 0.671875 0.20312500000000008
0 0.17812500000000003 0.340625 0.16875000000000004 0.340625 0.16875000000000004 0.36875 0.17812500000000003 0.36875
0 0.51875 0.2671875000000001 0.509375 0.2671875000000001 0.509375 0.2921875000000001 0.51875 0.2921875000000001
0 0.6921875000000001 0.709375 0.6828125 0.709375 0.6828125 0.734375 0.6921875000000002 0.734375
0 0.846875 0.6468750000000002 0.8375 0.6468750000000002 0.8375 0.6671875000000002 0.846875 0.6671875000000002
0 0.675 0.22812500000000008 0.665625 0.22812500000000008 0.665625 0.2484375000000001 0.675 0.2484375000000001
0 0.4796875 0.66875 0.4703125 0.66875 0.4703125 0.6875 0.4796875 0.6875
0 0.8171875 0.7781250000000002 0.8078125 0.7781250000000002 0.8078125 0.7968750000000002 0.8171875 0.7968750000000002
0 0.653125 0.32500000000000007 0.64375 0.32500000000000007 0.64375 0.3437500000000001 0.653125 0.3437500000000001
0 0.4578125000000002 0.8359375 0.4500000000000002 0.8359375 0.4500000000000002 0.85625 0.4578125000000002 0.85625
0 0.6515625 0.3656250000000001 0.6421875 0.3656250000000001 0.6421875 0.38750000000000007 0.6515625 0.38750000000000007
0 0.14531250000000004 0.2359375 0.13593750000000004 0.2359375 0.13593750000000004 0.2640625 0.14531250000000004 0.2640625
0 0.3015625 0.3234375 0.29375 0.3234375 0.29375 0.3453125 0.3015625 0.3453125
0 0.4546875000000002 0.88125 0.4468750000000002 0.88125 0.4468750000000002 0.9 0.4546875000000002 0.9
0 0.17968750000000006 0.3375 0.16250000000000003 0.3375 0.16250000000000003 0.434375 0.17968750000000006 0.434375
0 0.8484375 0.6015625000000002 0.8265625 0.6015625000000002 0.8265625 0.6687500000000002 0.8484375 0.6687500000000002
0 0.3000000000000001 0.3671875 0.2921875000000001 0.3671875 0.2921875000000001 0.39375 0.3000000000000001 0.39375
0 0.14687500000000003 0.1640625 0.1328125 0.1640625 0.13281250000000003 0.2671875 0.14687500000000003 0.2671875
0 0.5234375 0.2015625000000001 0.5078125 0.2015625000000001 0.5078125 0.29375000000000007 0.5234375 0.29375000000000007
0 0.6953125000000001 0.64375 0.68125 0.64375 0.6812500000000001 0.7375 0.6953125000000002 0.7375
1 0.3859375000000001 0.5609375 0.2609375000000001 0.5609375 0.2609375000000001 0.6953125 0.3859375000000001 0.6953125
1 0.7453125 0.6062500000000001 0.6140625 0.60625 0.6140625000000001 0.753125 0.7453125000000002 0.7531250000000002
1 0.5671875 0.16875000000000007 0.446875 0.16875000000000004 0.446875 0.30937500000000007 0.5671875 0.30937500000000007
1 0.21562500000000004 0.315625 0.10000000000000005 0.315625 0.10000000000000005 0.44375 0.2156250000000001 0.44375
1 0.86875 0.5828125000000002 0.784375 0.5828125000000002 0.784375 0.6921875000000002 0.86875 0.6921875000000002
1 0.5125 0.5921875 0.4265625 0.5921875 0.4265625 0.6953125 0.5125 0.6953125
1 0.5609375 0.3359375000000001 0.4609375 0.3359375000000001 0.4609375 0.4546875 0.5609375 0.4546875
1 0.7 0.1671875000000001 0.615625 0.1671875000000001 0.615625 0.2671875000000001 0.7 0.2671875000000001
1 0.7187500000000002 0.78125 0.6187500000000001 0.78125 0.6187500000000001 0.903125 0.7187500000000002 0.903125
1 0.2046875 0.1296875 0.07031250000000003 0.1296875 0.07031250000000003 0.2859375 0.2046875 0.2859375
1 0.3625000000000001 0.765625 0.26250000000000007 0.765625 0.26250000000000007 0.878125 0.3625000000000001 0.878125
1 0.68125 0.3156250000000001 0.5921875 0.3156250000000001 0.5921875 0.415625 0.68125 0.415625
1 0.8484375 0.7687500000000002 0.7578125000000002 0.7687500000000002 0.7578125000000002 0.8703125 0.8484375 0.8703125
1 0.33437500000000003 0.3125 0.24375 0.3125 0.24375000000000005 0.415625 0.3343750000000001 0.415625
1 0.4890625000000002 0.8078125 0.40156250000000016 0.8078125 0.40156250000000016 0.9125 0.4890625000000002 0.9125
1 0.3125 0.08750000000000004 0.2265625 0.08750000000000002 0.2265625 0.19218750000000004 0.3125 0.19218750000000004