2 0.74375 0.4937500000000001 0.659375 0.49375 0.659375 0.51875 0.74375 0.5187500000000002
2 0.23437500000000008 0.575 0.19531250000000008 0.575 0.19531250000000008 0.5921875 0.23437500000000008 0.5921875
3 0.725 0.421875 0.6609375 0.421875 0.6609375 0.48125 0.725 0.48125
3 0.2296875000000001 0.5359375 0.19531250000000006 0.5359375 0.19531250000000006 0.5703125 0.2296875000000001 0.5703125
0 0.6515625 0.41875 0.5953125 0.41875 0.5953125 0.4375 0.6515625 0.4375
0 0.759375 0.40312500000000007 0.7078125 0.403125 0.7078125 0.4203125000000001 0.759375 0.4203125000000002
0 0.2531250000000001 0.5328125 0.22656250000000008 0.5328125 0.22656250000000008 0.5453125 0.2531250000000001 0.5453125
0 0.7625 0.4015625000000001 0.5921875 0.4015625 0.5921875 0.4375000000000001 0.7625 0.43750000000000017
1 0.79375 0.3390625000000001 0.565625 0.3390625000000001 0.565625 0.5593750000000001 0.79375 0.5593750000000002
1 0.27812500000000007 0.5 0.17343750000000005 0.5 0.17343750000000008 0.60625 0.27812500000000007 0.60625
1 0.428125 0.5078125 0.3828125000000001 0.5078125 0.3828125000000001 0.546875 0.428125 0.546875