2 0.7546875000000002 0.7437500000000001 0.7156250000000002 0.74375 0.7156250000000002 0.8140625 0.7546875000000002 0.8140625
2 0.740625 0.08125000000000009 0.7015625 0.08125000000000009 0.7015625 0.17343750000000008 0.740625 0.17343750000000008
3 0.8484375 0.7515625000000001 0.7734375000000002 0.7515625000000001 0.7734375000000002 0.8046875 0.8484375 0.8046875
3 0.871875 0.0953125000000001 0.7625 0.09531250000000009 0.7625 0.16406250000000008 0.871875 0.16406250000000008
0 0.9078125 0.04687500000000011 0.86875 0.04687500000000011 0.86875 0.10000000000000012 0.9078125 0.10000000000000013
0 0.85625 0.7125000000000001 0.834375 0.7125000000000001 0.834375 0.7468750000000002 0.85625 0.7468750000000002
0 0.8578125 0.15625000000000008 0.8328125 0.15625000000000008 0.8328125 0.20312500000000008 0.8578125 0.20312500000000008
0 0.88125 0.7953125000000002 0.859375 0.7953125000000002 0.859375 0.8140625 0.88125 0.8140625
0 0.9109375 0.0453125000000001 0.8328125 0.0453125000000001 0.8328125 0.20468750000000008 0.9109375 0.20468750000000008
0 0.8828125 0.7093750000000002 0.8328125 0.7093750000000002 0.8328125 0.815625 0.8828125 0.815625
1 0.96875 0.6718750000000001 0.671875 0.671875 0.6718750000000001 0.853125 0.96875 0.853125
1 0.996875 0.0062500000000001 0.6375 0.0062500000000000775 0.6375 0.21093750000000008 0.996875 0.21093750000000008