2 0.5359375 0.2843750000000001 0.4953125 0.2843750000000001 0.4953125 0.3687500000000001 0.5359375 0.3687500000000001
2 0.75 0.5640625000000001 0.7046875 0.5640625 0.7046875 0.6515625 0.75 0.6515625000000002
3 0.65 0.3046875000000001 0.55 0.3046875000000001 0.55 0.3703125000000001 0.65 0.3703125000000001
3 0.81875 0.5609375000000002 0.759375 0.5609375000000002 0.759375 0.6234375000000002 0.81875 0.6234375000000002
3 0.93125 0.46875000000000017 0.8859375 0.46875000000000017 0.8859375 0.4937500000000002 0.93125 0.4937500000000002
0 0.6609375 0.3781250000000001 0.6234375 0.3781250000000001 0.6234375 0.425 0.6609375 0.425
0 0.6921875 0.27031250000000007 0.6515625 0.27031250000000007 0.6515625 0.3187500000000001 0.6921875 0.3187500000000001
0 0.8609375 0.5203125000000002 0.8296875 0.5203125000000002 0.8296875 0.5609375000000002 0.8609375 0.5609375000000002
0 0.8953125 0.6171875000000002 0.865625 0.6171875000000002 0.865625 0.6609375000000002 0.8953125 0.6609375000000002
0 0.6953125 0.2687500000000001 0.6203125 0.2687500000000001 0.6203125 0.4265625 0.6953125 0.4265625
0 0.9359375 0.4546875000000002 0.9234375 0.4546875000000002 0.9234375 0.4734375000000002 0.9359375 0.4734375000000002
0 0.8953125 0.5171875000000001 0.828125 0.5171875000000001 0.828125 0.6640625000000002 0.8953125 0.6640625000000002
1 0.8984375 0.5046875000000001 0.6328125 0.5046875 0.6328125000000001 0.7312500000000001 0.8984375 0.7312500000000002
1 0.7859375 0.23437500000000008 0.440625 0.23437500000000008 0.440625 0.4406250000000001 0.7859375 0.44062500000000016
1 0.9828125 0.4312500000000002 0.8203125 0.4312500000000002 0.8203125 0.49531250000000016 0.9828125 0.49531250000000016