2 0.4765625 0.3828125000000001 0.4078125 0.3828125000000001 0.4078125 0.428125 0.4765625 0.428125
2 0.8375 0.35625000000000007 0.74375 0.35625000000000007 0.74375 0.3984375000000001 0.8375 0.3984375000000001
2 0.16718750000000004 0.340625 0.11875000000000005 0.340625 0.11875000000000005 0.371875 0.16718750000000004 0.371875
3 0.4796875 0.2796875000000001 0.43125 0.2796875000000001 0.43125 0.3687500000000001 0.4796875 0.3687500000000001
3 0.828125 0.2296875000000001 0.7546875 0.2296875000000001 0.7546875 0.3343750000000001 0.828125 0.3343750000000001
3 0.15000000000000005 0.271875 0.10781250000000005 0.271875 0.10781250000000005 0.3375 0.15000000000000005 0.3375
0 0.8921875 0.1937500000000001 0.8265625 0.1937500000000001 0.8265625 0.23593750000000008 0.8921875 0.23593750000000008
0 0.759375 0.2093750000000001 0.7046875 0.2093750000000001 0.7046875 0.2468750000000001 0.759375 0.2468750000000001
0 0.440625 0.2484375000000001 0.4015625 0.2484375000000001 0.4015625 0.2796875000000001 0.440625 0.2796875000000001
0 0.5234375 0.2812500000000001 0.4875 0.2812500000000001 0.4875 0.3078125000000001 0.5234375 0.3078125000000001
0 0.09687500000000004 0.278125 0.06406250000000005 0.278125 0.06406250000000005 0.3 0.09687500000000004 0.3
0 0.15781250000000005 0.25 0.12812500000000004 0.25 0.12812500000000004 0.271875 0.15781250000000005 0.271875
0 0.89375 0.1906250000000001 0.703125 0.1906250000000001 0.703125 0.2484375000000001 0.89375 0.2484375000000001
0 0.15937500000000004 0.2484375 0.06250000000000003 0.2484375 0.06250000000000003 0.3015625 0.15937500000000004 0.3015625
1 0.921875 0.0281250000000001 0.68125 0.028125000000000087 0.68125 0.4765625000000001 0.921875 0.47656250000000017
1 0.19531250000000006 0.18750000000000003 0.04843750000000002 0.1875 0.048437500000000036 0.409375 0.19531250000000006 0.409375
1 0.54375 0.17187500000000006 0.346875 0.17187500000000006 0.34687500000000004 0.4734375 0.54375 0.4734375
0 0.525 0.24375000000000008 0.403125 0.24375000000000008 0.403125 0.3078125000000001 0.525 0.3078125000000001