2 0.3593750000000001 0.5328125 0.3312500000000001 0.5328125 0.3312500000000001 0.5828125 0.3593750000000001 0.5828125
2 0.37500000000000006 0.33125000000000004 0.346875 0.33125 0.34687500000000004 0.38125000000000003 0.3750000000000001 0.3812500000000001
3 0.4265625 0.5328125 0.3671875000000001 0.5328125 0.3671875000000001 0.5703125 0.4265625 0.5703125
3 0.45 0.3421875000000001 0.3859375 0.3421875000000001 0.38593750000000004 0.37968750000000007 0.45 0.37968750000000007
0 0.45 0.5625 0.428125 0.5625 0.428125 0.590625 0.45 0.590625
0 0.471875 0.3218750000000001 0.4484375 0.3218750000000001 0.4484375 0.3531250000000001 0.471875 0.3531250000000001
0 0.4375 0.503125 0.4125 0.503125 0.4125 0.53125 0.4375 0.53125
0 0.45625 0.37968750000000007 0.434375 0.37968750000000007 0.434375 0.4078125 0.45625 0.4078125
0 0.453125 0.5015625 0.4125 0.5015625 0.4125 0.5921875 0.453125 0.5921875
0 0.475 0.3203125000000001 0.434375 0.3203125000000001 0.434375 0.409375 0.475 0.409375
1 0.559375 0.30781250000000004 0.30625 0.3078125 0.30625 0.4203125 0.559375 0.4203125
1 0.53125 0.4890625 0.2968750000000001 0.4890625 0.2968750000000001 0.6140625 0.53125 0.6140625