2 0.4531250000000001 0.678125 0.415625 0.678125 0.4156250000000001 0.834375 0.45312500000000017 0.834375
2 0.44375 0.2515625000000001 0.409375 0.2515625000000001 0.409375 0.3546875000000001 0.44375 0.3546875000000001
3 0.3921875000000001 0.6859375 0.2921875000000001 0.6859375 0.2921875000000001 0.8109375 0.3921875000000001 0.8109375
3 0.4 0.25000000000000006 0.3234375 0.25 0.3234375 0.33437500000000003 0.4 0.3343750000000001
0 0.3031250000000001 0.6046875 0.2687500000000001 0.6046875 0.2687500000000001 0.6921875 0.3031250000000001 0.6921875
0 0.2921875000000001 0.8015625 0.2531250000000001 0.8015625 0.2531250000000001 0.8953125 0.2921875000000001 0.8953125
0 0.32500000000000007 0.3171875 0.303125 0.3171875 0.30312500000000003 0.3734375 0.32500000000000007 0.3734375
0 0.3375 0.18906250000000005 0.315625 0.18906250000000005 0.315625 0.2421875 0.3375 0.2421875
0 0.3046875000000001 0.6 0.2515625000000001 0.6 0.2515625000000001 0.8984375 0.3046875000000001 0.8984375
0 0.3375 0.18593750000000003 0.303125 0.18593750000000003 0.30312500000000003 0.3765625 0.3375000000000001 0.3765625
1 0.5125000000000001 0.575 0.10781250000000009 0.575 0.10781250000000012 0.95625 0.5125000000000002 0.95625
1 0.4765625 0.17031250000000003 0.253125 0.17031250000000003 0.25312500000000004 0.4328125 0.4765625 0.4328125