2 0.6296875 0.453125 0.5390625 0.453125 0.5390625 0.5109375 0.6296875 0.5109375
2 0.3328125 0.19531250000000006 0.275 0.19531250000000006 0.275 0.2375 0.3328125 0.2375
3 0.621875 0.33281250000000007 0.5515625 0.33281250000000007 0.5515625 0.4296875 0.621875 0.4296875
3 0.334375 0.10937500000000004 0.284375 0.10937500000000004 0.284375 0.18281250000000004 0.334375 0.18281250000000004
3 0.615625 0.3812500000000001 0.5515625 0.3812500000000001 0.5515625 0.4296875 0.615625 0.4296875
0 0.66875 0.3156250000000001 0.6171875 0.3156250000000001 0.6171875 0.3500000000000001 0.66875 0.3500000000000001
0 0.559375 0.31718750000000007 0.515625 0.31718750000000007 0.515625 0.3500000000000001 0.559375 0.3500000000000001
0 0.296875 0.08281250000000004 0.2671875 0.08281250000000002 0.2671875 0.10625000000000004 0.296875 0.10625000000000004
0 0.365625 0.10312500000000005 0.3359375 0.10312500000000005 0.3359375 0.12812500000000004 0.365625 0.12812500000000004
0 0.6703125 0.3125000000000001 0.5125 0.3125000000000001 0.5125 0.3515625000000001 0.6703125 0.3515625000000001
0 0.378125 0.07968750000000004 0.265625 0.07968750000000002 0.265625 0.13593750000000004 0.378125 0.13593750000000004
1 0.709375 0.2828125000000001 0.490625 0.2828125000000001 0.490625 0.55 0.709375 0.55
1 0.4046875 0.040625000000000036 0.246875 0.040625000000000036 0.246875 0.28437500000000004 0.4046875 0.2843750000000001