2 0.8140625 0.4390625000000001 0.7234375 0.4390625 0.7234375 0.4796875000000001 0.8140625 0.47968750000000016
2 0.1531250000000001 0.66875 0.10156250000000008 0.66875 0.10156250000000008 0.7078125 0.1531250000000001 0.7078125
2 0.5734375 0.4625 0.5453125 0.4625 0.5453125 0.4859375 0.5734375 0.4859375
3 0.7953125 0.3500000000000001 0.7359375 0.3500000000000001 0.7359375 0.4343750000000002 0.7953125 0.4343750000000002
3 0.1531250000000001 0.571875 0.10000000000000009 0.571875 0.10000000000000009 0.65625 0.1531250000000001 0.65625
3 0.571875 0.4140625 0.5453125 0.4140625 0.5453125 0.4546875 0.571875 0.4546875
3 0.3984375000000001 0.415625 0.3750000000000001 0.415625 0.3750000000000001 0.453125 0.3984375000000001 0.453125
0 0.746875 0.3296875000000001 0.709375 0.3296875000000001 0.709375 0.3515625000000001 0.746875 0.3515625000000001
0 0.8359375 0.3265625000000001 0.7921875 0.3265625000000001 0.7921875 0.34843750000000007 0.8359375 0.34843750000000007
0 0.1921875000000001 0.5546875 0.1515625000000001 0.5546875 0.1515625000000001 0.575 0.1921875000000001 0.575
0 0.10312500000000009 0.56875 0.06875000000000006 0.56875 0.06875000000000006 0.590625 0.10312500000000009 0.590625
0 0.5484375 0.4015625 0.5296875 0.4015625 0.5296875 0.4171875 0.5484375 0.4171875
0 0.590625 0.403125 0.5734375 0.403125 0.5734375 0.41875 0.590625 0.41875
0 0.415625 0.4203125 0.4015625 0.4203125 0.4015625 0.434375 0.415625 0.434375
0 0.1937500000000001 0.553125 0.06718750000000007 0.553125 0.06718750000000007 0.590625 0.1937500000000001 0.590625
0 0.3812500000000001 0.403125 0.3671875000000001 0.403125 0.3671875000000001 0.4171875 0.3812500000000001 0.4171875
0 0.8375 0.3234375000000001 0.70625 0.3234375000000001 0.70625 0.3531250000000001 0.8375 0.3531250000000001
0 0.5921875 0.3984375000000001 0.528125 0.3984375000000001 0.528125 0.41875 0.5921875 0.41875
1 0.8828125 0.20312500000000008 0.6875 0.20312500000000008 0.6875 0.5328125000000001 0.8828125 0.5328125000000001
1 0.2453125000000001 0.453125 0.05468750000000004 0.453125 0.05468750000000007 0.7625 0.2453125000000001 0.7625
1 0.6015625 0.3531250000000001 0.521875 0.3531250000000001 0.521875 0.5 0.6015625 0.5
1 0.4234375 0.384375 0.3515625000000001 0.384375 0.3515625000000001 0.49375 0.4234375 0.49375