2 0.6703125 0.540625 0.5953125 0.540625 0.5953125 0.571875 0.6703125 0.571875
2 0.2953125000000001 0.6234375 0.2328125000000001 0.6234375 0.2328125000000001 0.6546875 0.2953125000000001 0.6546875
3 0.29375000000000007 0.6609375 0.24375000000000008 0.6609375 0.24375000000000008 0.7203125 0.29375000000000007 0.7203125
3 0.665625 0.5890625 0.609375 0.5890625 0.609375 0.634375 0.665625 0.634375
0 0.709375 0.6625 0.6671875 0.6625 0.6671875 0.690625 0.709375 0.690625
0 0.615625 0.665625 0.5796875 0.665625 0.5796875 0.69375 0.615625 0.69375
0 0.3296875000000001 0.70625 0.3031250000000001 0.70625 0.3031250000000001 0.728125 0.3296875000000001 0.728125
0 0.2609375000000001 0.7375 0.23593750000000008 0.7375 0.23593750000000008 0.765625 0.2609375000000001 0.765625
0 0.7109375 0.659375 0.5765625 0.659375 0.5765625 0.696875 0.7109375 0.696875
0 0.34062500000000007 0.7 0.23437500000000008 0.7 0.23437500000000008 0.76875 0.34062500000000007 0.76875
0 0.3390625000000001 0.696875 0.3000000000000001 0.696875 0.3000000000000001 0.734375 0.3390625000000001 0.734375
1 0.3546875000000001 0.571875 0.1859375000000001 0.571875 0.1859375000000001 0.821875 0.3546875000000001 0.821875
1 0.7359375000000001 0.4765625000000001 0.5515625 0.4765625 0.5515625000000001 0.7953125000000001 0.7359375000000001 0.7953125000000002