2 0.8546875 0.37187500000000007 0.75625 0.37187500000000007 0.75625 0.43281250000000016 0.8546875 0.43281250000000016
2 0.3015625 0.271875 0.2515625 0.271875 0.2515625 0.315625 0.3015625 0.315625
3 0.3015625 0.19687500000000005 0.2546875 0.19687500000000005 0.2546875 0.2640625 0.3015625 0.2640625
3 0.8421875 0.2453125000000001 0.771875 0.2453125000000001 0.771875 0.3500000000000001 0.8421875 0.3500000000000001
0 0.8921875 0.2140625000000001 0.8390625 0.2140625000000001 0.8390625 0.2468750000000001 0.8921875 0.2468750000000001
0 0.3359375 0.18906250000000005 0.303125 0.18906250000000005 0.303125 0.2109375 0.3359375 0.2109375
0 0.2640625 0.18125000000000005 0.240625 0.18125000000000005 0.240625 0.2 0.2640625 0.2
0 0.784375 0.2453125000000001 0.721875 0.2453125000000001 0.721875 0.2671875000000001 0.784375 0.2671875000000001
0 0.8953125 0.21250000000000008 0.71875 0.21250000000000008 0.71875 0.2687500000000001 0.8953125 0.2687500000000001
0 0.3375 0.17968750000000006 0.2390625 0.17968750000000006 0.2390625 0.2109375 0.3375 0.2109375
1 0.9203125 0.12343750000000012 0.7015625 0.12343750000000009 0.7015625 0.4843750000000001 0.9203125 0.48437500000000017
1 0.3734375 0.11562500000000005 0.2265625 0.11562500000000005 0.2265625 0.36250000000000004 0.3734375 0.3625000000000001
1 0.6796875 0.07500000000000008 0.6234375 0.07500000000000007 0.6234375 0.1937500000000001 0.6796875 0.1937500000000001