1 0.2515625 0.309375 0.0015625000000000383 0.309375 0.001562500000000054 0.5703125 0.2515625000000001 0.5703125
2 0.17812500000000003 0.484375 0.07031250000000007 0.484375 0.07031250000000007 0.509375 0.17812500000000003 0.509375
2 0.81875 0.43281250000000016 0.765625 0.43281250000000016 0.765625 0.4546875000000002 0.81875 0.4546875000000002
3 0.83125 0.3671875000000001 0.7703125 0.3671875000000001 0.7703125 0.42187500000000017 0.83125 0.42187500000000017
3 0.17656250000000004 0.403125 0.08593750000000004 0.403125 0.08593750000000006 0.46875 0.17656250000000004 0.46875
0 0.09375000000000004 0.36875 0.026562500000000044 0.36875 0.026562500000000044 0.39375 0.09375000000000004 0.39375
0 0.88125 0.3578125000000001 0.8296875 0.3578125000000001 0.8296875 0.3734375000000001 0.88125 0.3734375000000001
0 0.7828125 0.35625000000000007 0.7484375 0.35625000000000007 0.7484375 0.37187500000000007 0.7828125 0.37187500000000007
0 0.2312500000000001 0.3984375 0.18125000000000005 0.3984375 0.18125000000000005 0.4140625 0.2312500000000001 0.4140625
0 0.884375 0.3546875000000001 0.746875 0.3546875000000001 0.746875 0.3734375000000001 0.884375 0.3734375000000001
1 0.9359375 0.2671875000000001 0.7265625 0.2671875000000001 0.7265625 0.4906250000000002 0.9359375 0.4906250000000002
0 0.2312500000000001 0.3671875 0.028125000000000046 0.3671875 0.02812500000000005 0.4140625 0.2312500000000001 0.4140625