2 0.3921875 0.16718750000000004 0.3515625 0.16718750000000004 0.3515625 0.25468750000000007 0.3921875 0.25468750000000007
2 0.36406250000000007 0.665625 0.31718750000000007 0.665625 0.31718750000000007 0.7375 0.36406250000000007 0.7375
3 0.3000000000000001 0.671875 0.20312500000000008 0.671875 0.20312500000000008 0.725 0.3000000000000001 0.725
3 0.3265625 0.17031250000000003 0.2328125 0.17031250000000003 0.2328125 0.2390625 0.3265625 0.2390625
0 0.2375 0.11093750000000005 0.2 0.11093750000000005 0.2 0.16718750000000004 0.2375 0.16718750000000004
0 0.2328125 0.2296875 0.2015625 0.2296875 0.2015625 0.278125 0.2328125 0.278125
0 0.2078125000000001 0.7234375 0.1781250000000001 0.7234375 0.1781250000000001 0.7671875 0.2078125000000001 0.7671875
0 0.2250000000000001 0.6296875 0.1984375000000001 0.6296875 0.1984375000000001 0.66875 0.2250000000000001 0.66875
1 0.453125 0.08906250000000002 0.0875 0.0890625 0.08750000000000002 0.30156250000000007 0.453125 0.30156250000000007
1 0.4093750000000001 0.6109375 0.06093750000000007 0.6109375 0.06093750000000009 0.81875 0.40937500000000016 0.81875
0 0.22656250000000008 0.6296875 0.1765625000000001 0.6296875 0.1765625000000001 0.7703125 0.22656250000000008 0.7703125
0 0.240625 0.10937500000000004 0.196875 0.10937500000000004 0.19687500000000002 0.275 0.240625 0.275