2 0.7984375 0.4281250000000001 0.7140625 0.428125 0.7140625 0.4750000000000001 0.7984375 0.4750000000000002
2 0.3343750000000001 0.4140625 0.3140625000000001 0.4140625 0.3140625000000001 0.4359375 0.3343750000000001 0.4359375
3 0.803125 0.3156250000000001 0.7328125 0.3156250000000001 0.7328125 0.40937500000000016 0.803125 0.40937500000000016
3 0.3343750000000001 0.3765625 0.3140625000000001 0.3765625 0.3140625000000001 0.4109375 0.3343750000000001 0.4109375
0 0.871875 0.2828125000000001 0.809375 0.2828125000000001 0.809375 0.3265625000000001 0.871875 0.3265625000000001
0 0.7515625 0.2718750000000001 0.7015625 0.2718750000000001 0.7015625 0.3078125000000001 0.7515625 0.3078125000000001
0 0.3531250000000001 0.3765625 0.3359375000000001 0.3765625 0.3359375000000001 0.3875 0.3531250000000001 0.3875
0 0.31718750000000007 0.371875 0.2984375000000001 0.371875 0.2984375000000001 0.3828125 0.31718750000000007 0.3828125
0 0.875 0.2687500000000001 0.7015625 0.2687500000000001 0.7015625 0.3281250000000001 0.875 0.3281250000000001
1 0.8984375 0.11562500000000009 0.6765625 0.11562500000000009 0.6765625 0.5390625000000001 0.8984375 0.5390625000000002
1 0.36406250000000007 0.33281250000000007 0.284375 0.3328125 0.28437500000000004 0.459375 0.36406250000000007 0.459375
0 0.3531250000000001 0.371875 0.2984375000000001 0.371875 0.2984375000000001 0.3890625 0.3531250000000001 0.3890625