2 0.459375 0.3031250000000001 0.4 0.3031250000000001 0.4 0.38750000000000007 0.459375 0.38750000000000007
2 0.3265625000000001 0.6 0.2968750000000001 0.6 0.2968750000000001 0.6734375 0.3265625000000001 0.6734375
3 0.2828125000000001 0.6109375 0.2312500000000001 0.6109375 0.2312500000000001 0.6640625 0.2828125000000001 0.6640625
3 0.38125000000000003 0.30937500000000007 0.321875 0.309375 0.321875 0.37031250000000004 0.3812500000000001 0.3703125000000001
0 0.29218750000000004 0.3609375 0.2609375 0.3609375 0.26093750000000004 0.4078125 0.2921875000000001 0.4078125
0 0.303125 0.2625 0.275 0.2625 0.275 0.30625 0.303125 0.30625
0 0.2093750000000001 0.5953125 0.1937500000000001 0.5953125 0.1937500000000001 0.6296875 0.2093750000000001 0.6296875
0 0.21875000000000008 0.671875 0.20312500000000008 0.671875 0.20312500000000008 0.703125 0.21875000000000008 0.703125
0 0.30468750000000006 0.2609375 0.259375 0.2609375 0.259375 0.409375 0.3046875000000001 0.409375
1 0.509375 0.22500000000000003 0.2375 0.225 0.23750000000000004 0.440625 0.509375 0.440625
1 0.3890625000000001 0.56875 0.16406250000000008 0.56875 0.16406250000000008 0.753125 0.3890625000000001 0.753125