2 0.7656250000000002 0.7656250000000001 0.7125000000000001 0.765625 0.7125000000000001 0.7812500000000001 0.7656250000000002 0.7812500000000002
2 0.7921875 0.3140625000000001 0.73125 0.3140625000000001 0.73125 0.3296875000000001 0.7921875 0.3296875000000001
2 0.3062500000000001 0.75625 0.2640625000000001 0.75625 0.2640625000000001 0.7765625 0.3062500000000001 0.7765625
2 0.3 0.28125 0.25625 0.28125 0.25625 0.3015625 0.3 0.3015625
3 0.7828125 0.2750000000000001 0.7421875 0.2750000000000001 0.7421875 0.3125000000000001 0.7828125 0.3125000000000001
3 0.2921875 0.2390625 0.2546875 0.2390625 0.2546875 0.2765625 0.2921875 0.2765625
3 0.3000000000000001 0.7125 0.26250000000000007 0.7125 0.26250000000000007 0.75 0.3000000000000001 0.75
3 0.7609375 0.7203125000000001 0.7203125 0.7203125 0.7203125000000001 0.7593750000000001 0.7609375000000002 0.7593750000000001
0 0.25468750000000007 0.7125 0.2218750000000001 0.7125 0.2218750000000001 0.7234375 0.25468750000000007 0.7234375
0 0.740625 0.27031250000000007 0.709375 0.27031250000000007 0.709375 0.2812500000000001 0.740625 0.2812500000000001
0 0.2484375 0.2390625 0.2140625 0.2390625 0.2140625 0.2484375 0.2484375 0.2484375
0 0.7203125 0.7140625 0.6875 0.7140625 0.6875 0.725 0.7203125 0.725
0 0.7921875 0.7156250000000002 0.7625 0.7156250000000002 0.7625000000000001 0.7265625000000002 0.7921875000000002 0.7265625000000002
0 0.3171875 0.2328125 0.2890625 0.2328125 0.2890625 0.24375 0.3171875 0.24375
0 0.809375 0.2687500000000001 0.78125 0.2687500000000001 0.78125 0.2796875000000001 0.809375 0.2796875000000001
0 0.32500000000000007 0.7078125 0.2953125000000001 0.7078125 0.2953125000000001 0.7171875 0.32500000000000007 0.7171875
0 0.8125 0.2671875000000001 0.7046875 0.2671875000000001 0.7046875 0.2812500000000001 0.8125 0.2812500000000001
0 0.3265625000000001 0.7046875 0.21875000000000008 0.7046875 0.21875000000000008 0.7234375 0.3265625000000001 0.7234375
0 0.7953125000000001 0.7125000000000001 0.684375 0.7125 0.6843750000000001 0.7281250000000001 0.7953125000000002 0.7281250000000001
0 0.3203125 0.2328125 0.2125 0.2328125 0.2125 0.2484375 0.3203125 0.2484375
1 0.3421875000000001 0.65625 0.1921875000000001 0.65625 0.1921875000000001 0.79375 0.3421875000000001 0.79375
1 0.825 0.2218750000000001 0.6796875 0.2218750000000001 0.6796875 0.3437500000000001 0.825 0.3437500000000001
1 0.8046875 0.6578125000000001 0.65 0.6578125 0.6500000000000001 0.7953125000000001 0.8046875 0.7953125000000002
1 0.3359375 0.17968750000000003 0.178125 0.1796875 0.17812500000000003 0.31875 0.3359375 0.31875