1 0.703125 0.5671875 0.5640625 0.5671875 0.5640625 0.7 0.703125 0.7
2 0.8046875 0.4750000000000002 0.7328125 0.4750000000000002 0.7328125 0.4937500000000002 0.8046875 0.4937500000000002
2 0.2406250000000001 0.7625 0.1765625000000001 0.7625 0.1765625000000001 0.7765625 0.2406250000000001 0.7765625
2 0.5921875 0.37187500000000007 0.55 0.37187500000000007 0.55 0.3906250000000001 0.5921875 0.3906250000000001
2 0.7671875000000001 0.846875 0.6890625000000001 0.846875 0.6890625000000001 0.8640625 0.7671875000000001 0.8640625
2 0.6234375 0.1828125000000001 0.5734375 0.1828125000000001 0.5734375 0.19687500000000008 0.6234375 0.19687500000000008
2 0.42968750000000017 0.778125 0.3765625000000001 0.778125 0.3765625000000001 0.8 0.42968750000000017 0.8
2 0.4265625 0.3421875000000001 0.3796875 0.3421875000000001 0.3796875 0.3578125000000001 0.4265625 0.3578125000000001
2 0.10625000000000004 0.2609375 0.050000000000000024 0.2609375 0.05000000000000003 0.278125 0.10625000000000004 0.278125
2 0.4203125 0.6078125 0.3687500000000001 0.6078125 0.3687500000000001 0.6234375 0.4203125 0.6234375
2 0.909375 0.8421875 0.86875 0.8421875 0.86875 0.8625 0.909375 0.8625
2 0.925 0.3218750000000001 0.875 0.3218750000000001 0.875 0.3359375000000001 0.925 0.3359375000000001
2 0.8640625 0.6234375000000002 0.8140625 0.6234375000000002 0.8140625 0.6390625000000002 0.8640625 0.6390625000000002
2 0.1859375000000001 0.565625 0.1453125000000001 0.565625 0.1453125000000001 0.5828125 0.1859375000000001 0.5828125
2 0.5921875000000002 0.821875 0.5312500000000002 0.821875 0.5312500000000002 0.8390625 0.5921875000000002 0.8390625
2 0.83125 0.1906250000000001 0.7875 0.1906250000000001 0.7875 0.20312500000000008 0.83125 0.20312500000000008
2 0.3796875 0.17187500000000006 0.33125 0.17187500000000006 0.33125 0.18593750000000003 0.3796875 0.18593750000000003
2 0.6625 0.6609375 0.61875 0.6609375 0.61875 0.6859375 0.6625 0.6859375
2 0.2671875000000001 0.3734375 0.21093750000000008 0.3734375 0.21093750000000008 0.3890625 0.2671875000000001 0.3890625
2 0.2328125 0.13906250000000003 0.190625 0.13906250000000003 0.190625 0.15312500000000004 0.2328125 0.15312500000000004
2 0.12500000000000008 0.7109375 0.07343750000000009 0.7109375 0.07343750000000009 0.7265625 0.12500000000000008 0.7265625
3 0.596875 0.3281250000000001 0.5578125 0.3281250000000001 0.5578125 0.36406250000000007 0.596875 0.36406250000000007
3 0.790625 0.4203125000000002 0.740625 0.4203125000000002 0.740625 0.46406250000000016 0.790625 0.46406250000000016
3 0.1312500000000001 0.6734375 0.09375000000000008 0.6734375 0.09375000000000008 0.7078125 0.1312500000000001 0.7078125
3 0.2671875 0.3453125 0.225 0.3453125 0.22500000000000003 0.3765625 0.2671875000000001 0.3765625
3 0.4046875 0.5703125 0.3687500000000001 0.5703125 0.3687500000000001 0.6015625 0.4046875 0.6015625
3 0.4265625 0.30937500000000007 0.3890625 0.30937500000000007 0.3890625 0.34062500000000007 0.4265625 0.34062500000000007
3 0.6234375 0.1515625000000001 0.590625 0.1515625000000001 0.590625 0.17968750000000008 0.6234375 0.17968750000000008
3 0.3734375 0.13437500000000005 0.3390625 0.13437500000000005 0.3390625 0.16406250000000006 0.3734375 0.16406250000000006
3 0.859375 0.5843750000000002 0.821875 0.5843750000000002 0.821875 0.6171875000000002 0.859375 0.6171875000000002
3 0.2375 0.11093750000000005 0.2078125 0.11093750000000005 0.2078125 0.13750000000000004 0.2375 0.13750000000000004
3 0.5984375000000002 0.7796875 0.5562500000000001 0.7796875 0.5562500000000001 0.81875 0.5984375000000002 0.81875
3 0.10937500000000004 0.2296875 0.06875000000000002 0.2296875 0.06875000000000002 0.2609375 0.10937500000000004 0.2609375
3 0.19687500000000008 0.5390625 0.16406250000000006 0.5390625 0.16406250000000006 0.5671875 0.19687500000000008 0.5671875
3 0.2234375000000001 0.7203125 0.1781250000000001 0.7203125 0.1781250000000001 0.7578125 0.2234375000000001 0.7578125
3 0.7515625000000001 0.8078125 0.7000000000000002 0.8078125 0.7000000000000002 0.846875 0.7515625000000001 0.846875
3 0.90625 0.28593750000000007 0.8640625 0.28593750000000007 0.8640625 0.3218750000000001 0.90625 0.3218750000000001
3 0.925 0.8078125 0.884375 0.8078125 0.884375 0.840625 0.925 0.840625
3 0.4343750000000002 0.74375 0.3937500000000001 0.74375 0.3937500000000001 0.7765625 0.4343750000000002 0.7765625
3 0.828125 0.1625000000000001 0.796875 0.1625000000000001 0.796875 0.18750000000000008 0.828125 0.18750000000000008
3 0.671875 0.6203125 0.6375 0.6203125 0.6375 0.65625 0.671875 0.65625
0 0.5640625 0.3187500000000001 0.5265625 0.3187500000000001 0.5265625 0.33281250000000007 0.5640625 0.33281250000000007
0 0.5656250000000002 0.7703125 0.5250000000000001 0.7703125 0.5250000000000001 0.784375 0.5656250000000002 0.784375
0 0.96875 0.809375 0.9328125 0.809375 0.9328125 0.8234375 0.96875 0.8234375
0 0.2390625 0.3328125 0.2046875 0.3328125 0.2046875 0.346875 0.2390625 0.346875
0 0.596875 0.14218750000000008 0.56875 0.14218750000000008 0.56875 0.1531250000000001 0.596875 0.1531250000000001
0 0.740625 0.41875000000000007 0.70625 0.41875 0.70625 0.4312500000000001 0.740625 0.4312500000000002
0 0.646875 0.6109375 0.615625 0.6109375 0.615625 0.6234375 0.646875 0.6234375
0 0.4609375 0.3078125000000001 0.4296875 0.3078125000000001 0.4296875 0.3187500000000001 0.4609375 0.3187500000000001
0 0.47187500000000016 0.7453125 0.44062500000000016 0.7453125 0.44062500000000016 0.75625 0.47187500000000016 0.75625
0 0.6484375 0.15000000000000008 0.6234375 0.15000000000000008 0.6234375 0.1593750000000001 0.6484375 0.1593750000000001
0 0.6296875 0.3296875000000001 0.6015625 0.3296875000000001 0.6015625 0.34062500000000007 0.6296875 0.34062500000000007
0 0.396875 0.13125000000000003 0.375 0.13125000000000003 0.375 0.14062500000000006 0.396875 0.14062500000000006
0 0.215625 0.10156250000000004 0.190625 0.10156250000000004 0.190625 0.11250000000000004 0.215625 0.11250000000000004
0 0.85625 0.1593750000000001 0.8296875 0.1593750000000001 0.8296875 0.1703125000000001 0.85625 0.1703125000000001
0 0.3015625 0.3421875 0.2734375 0.3421875 0.2734375 0.3515625 0.3015625 0.3515625
0 0.2625 0.11093750000000005 0.240625 0.11093750000000005 0.240625 0.12031250000000004 0.2625 0.12031250000000004
0 0.1859375000000001 0.7171875 0.15625000000000008 0.7171875 0.15625000000000008 0.7265625 0.1859375000000001 0.7265625
0 0.3609375000000001 0.571875 0.33281250000000007 0.571875 0.33281250000000007 0.5828125 0.3609375000000001 0.5828125
0 0.340625 0.13125000000000003 0.3140625 0.13125000000000003 0.3140625 0.14062500000000006 0.340625 0.14062500000000006
0 0.22656250000000008 0.54375 0.20312500000000008 0.54375 0.20312500000000008 0.5546875 0.22656250000000008 0.5546875
0 0.17812500000000003 0.525 0.15156250000000004 0.525 0.15156250000000004 0.5390625 0.17812500000000003 0.5390625
0 0.6265625000000001 0.778125 0.5984375000000002 0.778125 0.5984375000000002 0.790625 0.6265625000000001 0.790625
0 0.10156250000000008 0.665625 0.0671875000000001 0.665625 0.0671875000000001 0.678125 0.10156250000000008 0.678125
0 0.9015625 0.7906250000000001 0.8734375 0.7906250000000001 0.8734375 0.8046875 0.9015625 0.8046875
0 0.86875 0.28593750000000007 0.8453125 0.28593750000000007 0.8453125 0.29375000000000007 0.86875 0.29375000000000007
0 0.8015625 0.1546875000000001 0.78125 0.1546875000000001 0.78125 0.16406250000000008 0.8015625 0.16406250000000008
0 0.7109375000000002 0.8015625 0.6828125000000002 0.8015625 0.6828125000000002 0.8125 0.7109375000000002 0.8125
0 0.2500000000000001 0.7140625 0.22031250000000008 0.7140625 0.22031250000000008 0.725 0.2500000000000001 0.725
0 0.08281250000000002 0.215625 0.05468750000000002 0.215625 0.05468750000000002 0.228125 0.08281250000000002 0.228125
0 0.3953125 0.3000000000000001 0.371875 0.3000000000000001 0.371875 0.3109375000000001 0.3953125 0.3109375000000001
0 0.8234375 0.5828125000000002 0.796875 0.5828125000000002 0.796875 0.5921875000000002 0.8234375 0.5921875000000002
0 0.4046875000000002 0.734375 0.3828125000000001 0.734375 0.3828125000000001 0.7453125 0.4046875000000002 0.7453125
0 0.8859375 0.5828125000000002 0.859375 0.5828125000000002 0.859375 0.5921875000000002 0.8859375 0.5921875000000002
0 0.83125 0.41718750000000016 0.790625 0.41718750000000016 0.790625 0.42968750000000017 0.83125 0.42968750000000017
0 0.6953125 0.6265625 0.6734375 0.6265625 0.6734375 0.6375 0.6953125 0.6375
0 0.14062500000000006 0.23125 0.11406250000000004 0.23125 0.11406250000000004 0.2421875 0.14062500000000006 0.2421875
0 0.421875 0.559375 0.3968750000000001 0.559375 0.3968750000000001 0.5703125 0.421875 0.5703125
0 0.1531250000000001 0.675 0.1312500000000001 0.675 0.1312500000000001 0.6875 0.1531250000000001 0.6875
0 0.925 0.2828125000000001 0.9015625 0.2828125000000001 0.9015625 0.2921875000000001 0.925 0.2921875000000001
0 0.4640625 0.2968750000000001 0.3703125 0.2968750000000001 0.3703125 0.3203125000000001 0.4640625 0.3203125000000001
0 0.7828125000000001 0.8078125 0.7515625000000001 0.8078125 0.7515625000000001 0.815625 0.7828125000000001 0.815625
0 0.309375 0.328125 0.2 0.328125 0.2 0.353125 0.309375 0.353125
0 0.65 0.14062500000000008 0.5640625 0.14062500000000008 0.5640625 0.1609375000000001 0.65 0.1609375000000001
0 0.834375 0.4156250000000001 0.7015625 0.415625 0.7015625 0.4328125000000001 0.834375 0.43281250000000016
0 0.2640625 0.10000000000000005 0.1859375 0.10000000000000005 0.1859375 0.12031250000000004 0.2640625 0.12031250000000004
0 0.2296875000000001 0.525 0.15000000000000005 0.525 0.15000000000000008 0.55625 0.2296875000000001 0.55625
0 0.8578125 0.1531250000000001 0.7796875 0.1531250000000001 0.7796875 0.1703125000000001 0.8578125 0.1703125000000001
0 0.4265625 0.5578125 0.3296875000000001 0.5578125 0.3296875000000001 0.5828125 0.4265625 0.5828125
0 0.3984375 0.12968750000000004 0.3125 0.12968750000000004 0.3125 0.14218750000000005 0.3984375 0.14218750000000005
0 0.8875 0.5812500000000002 0.79375 0.5812500000000002 0.79375 0.5937500000000002 0.8875 0.5937500000000002
1 0.640625 0.2656250000000001 0.5109375 0.2656250000000001 0.5109375 0.4078125 0.640625 0.4078125
1 0.865625 0.3656250000000001 0.678125 0.3656250000000001 0.678125 0.5171875000000001 0.865625 0.5171875000000001
1 0.4609375 0.5234375 0.3125000000000001 0.5234375 0.3125000000000001 0.6375 0.4609375 0.6375
1 0.31718750000000007 0.2890625 0.17968750000000006 0.2890625 0.17968750000000006 0.4046875 0.31718750000000007 0.4046875
1 0.6359375 0.71875 0.5125 0.71875 0.5125000000000001 0.859375 0.6359375000000002 0.859375
1 0.43125 0.09531250000000005 0.2953125 0.09531250000000005 0.2953125 0.20468750000000005 0.43125 0.20468750000000008
1 0.26875 0.06875000000000002 0.1515625 0.06875000000000002 0.1515625 0.16562500000000002 0.26875 0.16562500000000005
1 0.6609375 0.10781250000000006 0.53125 0.10781250000000005 0.53125 0.21250000000000008 0.6609375 0.21250000000000008
1 0.90625 0.5421875000000002 0.771875 0.5421875000000002 0.771875 0.6593750000000002 0.90625 0.6593750000000002
1 0.30937500000000007 0.675 0.1468750000000001 0.675 0.1468750000000001 0.8015625 0.30937500000000007 0.8015625
1 0.15312500000000004 0.1890625 0.029687500000000023 0.1890625 0.029687500000000026 0.296875 0.15312500000000004 0.296875
1 0.2406250000000001 0.49375 0.12343750000000005 0.49375 0.12343750000000006 0.590625 0.2406250000000001 0.590625
1 0.1546875000000001 0.625 0.02968750000000008 0.625 0.029687500000000082 0.7453125 0.1546875000000001 0.7453125
1 0.821875 0.7593750000000001 0.6640625000000002 0.759375 0.6640625000000002 0.8875 0.821875 0.8875
1 0.86875 0.1296875000000001 0.76875 0.1296875000000001 0.76875 0.2140625000000001 0.86875 0.2140625000000001
1 0.4828125 0.27031250000000007 0.35625 0.2703125 0.35625000000000007 0.37343750000000003 0.4828125 0.3734375000000001
1 0.9703125 0.7750000000000001 0.8515625 0.7750000000000001 0.8515625 0.88125 0.9703125 0.88125
1 0.4843750000000001 0.70625 0.3609375000000001 0.70625 0.3609375000000001 0.8140625 0.48437500000000017 0.8140625
1 0.96875 0.24375000000000008 0.8375 0.24375000000000008 0.8375 0.35625000000000007 0.96875 0.35625000000000007
0 0.14218750000000005 0.2171875 0.05468750000000002 0.2171875 0.05468750000000002 0.2421875 0.14218750000000005 0.2421875
0 0.628125 0.3187500000000001 0.525 0.3187500000000001 0.525 0.34062500000000007 0.628125 0.34062500000000007
0 0.93125 0.2828125000000001 0.84375 0.2828125000000001 0.84375 0.29375000000000007 0.93125 0.29375000000000007
0 0.696875 0.6109375 0.6171875 0.6109375 0.6171875 0.6359375 0.696875 0.6359375
0 0.7812500000000002 0.8015625 0.6828125000000002 0.8015625 0.6828125000000002 0.815625 0.7812500000000002 0.815625
0 0.971875 0.7906250000000001 0.8734375 0.7906250000000001 0.8734375 0.821875 0.971875 0.821875
0 0.47187500000000016 0.734375 0.3828125000000001 0.734375 0.3828125000000001 0.7578125 0.47187500000000016 0.7578125
0 0.2500000000000001 0.7125 0.15781250000000008 0.7125 0.15781250000000008 0.7265625 0.2500000000000001 0.7265625
0 0.1531250000000001 0.665625 0.06562500000000009 0.665625 0.06562500000000009 0.6859375 0.1531250000000001 0.6859375