2 0.6765625 0.07656250000000009 0.6421875 0.07656250000000009 0.6421875 0.16562500000000008 0.6765625 0.16562500000000008
2 0.7343750000000002 0.7375 0.7000000000000002 0.7375 0.7000000000000002 0.7968750000000001 0.7343750000000002 0.7968750000000002
3 0.7796875 0.09218750000000009 0.6953125 0.09218750000000009 0.6953125 0.1546875000000001 0.7796875 0.1546875000000001
3 0.8203125 0.7359375000000001 0.7484375000000002 0.7359375000000001 0.7484375000000002 0.7828125000000001 0.8203125 0.7828125000000001
0 0.7921875 0.1515625000000001 0.7609375 0.1515625000000001 0.7609375 0.1984375000000001 0.7921875 0.1984375000000001
0 0.821875 0.0484375000000001 0.7859375 0.0484375000000001 0.7859375 0.0984375000000001 0.821875 0.09843750000000011
0 0.8546875 0.7734375000000002 0.8265625 0.7734375000000002 0.8265625 0.8109375 0.8546875 0.8109375
0 0.821875 0.7000000000000002 0.796875 0.7000000000000002 0.7968750000000001 0.7312500000000002 0.821875 0.7312500000000002
0 0.825 0.045312500000000096 0.759375 0.04531250000000009 0.759375 0.2015625000000001 0.825 0.2015625000000001
0 0.8578125 0.6968750000000001 0.7953125 0.6968750000000001 0.7953125000000001 0.8125 0.8578125 0.8125
1 0.9203125 0.6796875000000001 0.6578125 0.6796875 0.6578125000000001 0.846875 0.9203125 0.846875
1 0.934375 0.020312500000000094 0.584375 0.020312500000000074 0.584375 0.2140625000000001 0.934375 0.2140625000000001