2 0.6031250000000001 0.665625 0.571875 0.665625 0.5718750000000001 0.7453125 0.6031250000000001 0.7453125
2 0.4953125 0.45 0.4671875 0.45 0.4671875 0.5015625 0.4953125 0.5015625
2 0.671875 0.26250000000000007 0.65 0.26250000000000007 0.65 0.3062500000000001 0.671875 0.3062500000000001
2 0.6078125 0.1359375000000001 0.5859375 0.1359375000000001 0.5859375 0.1687500000000001 0.6078125 0.1687500000000001
3 0.7250000000000001 0.671875 0.621875 0.671875 0.6218750000000001 0.7359375 0.7250000000000002 0.7359375
3 0.5671875 0.4515625 0.5015625 0.4515625 0.5015625 0.4921875 0.5671875 0.4921875
3 0.7265625 0.2718750000000001 0.678125 0.2718750000000001 0.678125 0.3031250000000001 0.7265625 0.3031250000000001
3 0.6515625 0.1515625000000001 0.6078125 0.1515625000000001 0.6078125 0.1765625000000001 0.6515625 0.1765625000000001
0 0.7531250000000002 0.7343750000000001 0.7140625000000002 0.734375 0.7140625000000002 0.7875000000000001 0.7531250000000002 0.7875000000000002
0 0.7375 0.6312500000000001 0.7046875 0.63125 0.7046875 0.6781250000000001 0.7375 0.6781250000000002
0 0.7296875 0.30937500000000007 0.7125 0.30937500000000007 0.7125 0.3359375000000001 0.7296875 0.3359375000000001
0 0.5734375 0.421875 0.5546875 0.421875 0.5546875 0.446875 0.5734375 0.446875
0 0.5875 0.4828125 0.565625 0.4828125 0.565625 0.5078125 0.5875 0.5078125
0 0.74375 0.26250000000000007 0.7265625 0.26250000000000007 0.7265625 0.2828125000000001 0.74375 0.2828125000000001
0 0.6703125 0.1437500000000001 0.6546875 0.1437500000000001 0.6546875 0.1625000000000001 0.6703125 0.1625000000000001
0 0.7546875000000001 0.628125 0.7015625 0.628125 0.7015625000000001 0.7906250000000001 0.7546875000000002 0.7906250000000001
0 0.5875 0.4203125 0.553125 0.4203125 0.553125 0.5109375 0.5875 0.5109375
0 0.6453125 0.1828125000000001 0.6328125 0.1828125000000001 0.6328125 0.19687500000000008 0.6453125 0.19687500000000008
1 0.865625 0.6125 0.5078125 0.6125 0.5078125000000001 0.8203125 0.865625 0.8203125
1 0.8125 0.2484375000000001 0.61875 0.2484375000000001 0.61875 0.3656250000000001 0.8125 0.3656250000000001
1 0.6484375 0.4109375 0.4328125 0.4109375 0.4328125 0.5375 0.6484375 0.5375
1 0.7140625 0.09843750000000008 0.5671875 0.09843750000000007 0.5671875 0.2078125000000001 0.7140625 0.2078125000000001