2 0.7765625 0.5578125 0.6890625 0.5578125 0.6890625 0.6062500000000001 0.7765625 0.6062500000000002
2 0.475 0.3625000000000001 0.396875 0.3625000000000001 0.39687500000000003 0.3906250000000001 0.475 0.3906250000000001
3 0.4578125 0.27031250000000007 0.40625 0.27031250000000007 0.40625 0.34062500000000007 0.4578125 0.34062500000000007
3 0.7546875 0.4171875000000001 0.6828125 0.4171875 0.6828125 0.5328125000000001 0.7546875 0.5328125000000001
0 0.803125 0.3765625000000001 0.7421875 0.3765625000000001 0.7421875 0.41718750000000016 0.803125 0.41718750000000016
0 0.490625 0.2390625000000001 0.446875 0.2390625000000001 0.446875 0.2671875000000001 0.490625 0.2671875000000001
0 0.403125 0.25468750000000007 0.3609375 0.2546875 0.3609375 0.2828125 0.403125 0.2828125000000001
0 0.684375 0.425 0.6328125 0.425 0.6328125 0.4515625 0.684375 0.4515625
0 0.49375 0.23750000000000004 0.359375 0.2375 0.359375 0.28437500000000004 0.49375 0.2843750000000001
0 0.80625 0.3734375000000001 0.6296875 0.3734375000000001 0.6296875 0.4531250000000001 0.80625 0.45312500000000017
1 0.525 0.12812500000000004 0.334375 0.12812500000000004 0.33437500000000003 0.465625 0.525 0.465625
1 0.871875 0.2328125000000001 0.61875 0.2328125000000001 0.61875 0.6781250000000001 0.871875 0.6781250000000002