1 0.1828125000000001 0.8671875 0.0015625000000001061 0.8671875 0.0015625000000001141 1 0.18281250000000013 1
1 0.22343750000000004 0.08125000000000002 0.039062500000000014 0.08125 0.03906250000000003 0.3703125 0.2234375000000001 0.3703125
2 0.3593750000000001 0.4234375 0.3125000000000001 0.4234375 0.3125000000000001 0.5546875 0.3593750000000001 0.5546875
2 0.18125000000000002 0.1703125 0.140625 0.1703125 0.14062500000000003 0.2734375 0.18125000000000005 0.2734375
2 0.14218750000000013 0.91875 0.10781250000000013 0.91875 0.10781250000000013 1 0.14218750000000013 1
3 0.14375000000000004 0.1984375 0.07812500000000003 0.1984375 0.07812500000000003 0.2890625 0.14375000000000004 0.2890625
3 0.3046875000000001 0.4203125 0.24218750000000008 0.4203125 0.24218750000000008 0.5296875 0.3046875000000001 0.5296875
3 0.09843750000000012 0.953125 0.037500000000000124 0.953125 0.037500000000000124 1 0.09843750000000014 1
0 0.05156250000000011 0.8984375 0.02656250000000011 0.8984375 0.026562500000000117 0.96875 0.05156250000000011 0.96875
0 0.2531250000000001 0.5234375 0.2375000000000001 0.5234375 0.2375000000000001 0.596875 0.2531250000000001 0.596875
0 0.11093750000000005 0.29375 0.09062500000000004 0.29375 0.09062500000000004 0.3484375 0.11093750000000005 0.3484375
0 0.25468750000000007 0.3796875 0.23593750000000008 0.3796875 0.23593750000000008 0.45625 0.25468750000000007 0.45625
0 0.08281250000000002 0.1640625 0.05625000000000002 0.1640625 0.05625000000000002 0.23125 0.08281250000000002 0.23125
0 0.2578125000000001 0.375 0.2328125000000001 0.375 0.2328125000000001 0.6 0.2578125000000001 0.6
0 0.05625 0.0015625000000000053 0.028125 0.0015625000000000036 0.028125 0.026562500000000006 0.05625 0.02656250000000001
1 0.403125 0.33906250000000004 0.209375 0.3390625 0.20937500000000003 0.6421875 0.403125 0.6421875
0 0.11093750000000002 0.1671875 0.05312500000000002 0.1671875 0.05312500000000003 0.3453125 0.11093750000000005 0.3453125