1 0.5609375000000001 0.528125 0.3453125000000001 0.528125 0.3453125000000001 0.765625 0.5609375000000002 0.765625
1 0.640625 0.20468750000000008 0.421875 0.20468750000000008 0.421875 0.4203125 0.640625 0.4203125
2 0.603125 0.2750000000000001 0.571875 0.2750000000000001 0.571875 0.34843750000000007 0.603125 0.34843750000000007
2 0.5359375 0.603125 0.5015625 0.603125 0.5015625 0.6875 0.5359375 0.6875
3 0.4984375 0.596875 0.4390625 0.596875 0.4390625 0.659375 0.4984375 0.659375
3 0.5609375 0.27812500000000007 0.509375 0.27812500000000007 0.509375 0.3375000000000001 0.5609375 0.3375000000000001
0 0.51875 0.3343750000000001 0.50625 0.3343750000000001 0.50625 0.3859375000000001 0.51875 0.3859375000000001
0 0.51875 0.23437500000000008 0.50625 0.23437500000000008 0.50625 0.2843750000000001 0.51875 0.2843750000000001
0 0.446875 0.6453125 0.428125 0.6453125 0.428125 0.6984375 0.446875 0.6984375
0 0.459375 0.553125 0.44375 0.553125 0.44375 0.5953125 0.459375 0.5953125
0 0.4609375 0.5515625 0.4265625 0.5515625 0.4265625 0.7046875 0.4609375 0.7046875
0 0.51875 0.23437500000000008 0.503125 0.23437500000000008 0.503125 0.3890625000000001 0.51875 0.3890625000000001