2 0.7078125 0.3500000000000001 0.6546875 0.3500000000000001 0.6546875 0.4109375 0.7078125 0.4109375
2 0.3515625 0.25625 0.29375 0.25625 0.29375 0.2890625 0.3515625 0.2890625
3 0.35 0.18437500000000004 0.30625 0.18437500000000004 0.30625 0.25 0.35 0.25
3 0.7125 0.2609375000000001 0.6578125 0.2609375000000001 0.6578125 0.3421875000000001 0.7125 0.3421875000000001
0 0.7625 0.2296875000000001 0.7140625 0.2296875000000001 0.7140625 0.2609375000000001 0.7625 0.2609375000000001
0 0.6625 0.2375000000000001 0.6234375 0.2375000000000001 0.6234375 0.2671875000000001 0.6625 0.2671875000000001
0 0.384375 0.18437500000000004 0.35625 0.18437500000000004 0.35625 0.20625000000000004 0.384375 0.2062500000000001
0 0.3171875 0.15625000000000006 0.2921875 0.15625000000000006 0.2921875 0.17968750000000006 0.3171875 0.17968750000000006
0 0.7640625 0.22812500000000008 0.6203125 0.22812500000000008 0.6203125 0.2687500000000001 0.7640625 0.2687500000000001
0 0.3875 0.15312500000000004 0.2890625 0.15312500000000004 0.2890625 0.20781250000000004 0.3875 0.2078125000000001
1 0.4015625 0.08750000000000004 0.2484375 0.08750000000000002 0.2484375 0.3375 0.4015625 0.3375000000000001
1 0.7921875 0.14218750000000008 0.6015625 0.14218750000000008 0.6015625 0.4593750000000001 0.7921875 0.4593750000000002