2 0.3453125 0.290625 0.2625 0.290625 0.2625 0.3484375 0.3453125 0.3484375
2 0.8140625 0.3609375000000001 0.728125 0.3609375000000001 0.728125 0.41406250000000017 0.8140625 0.41406250000000017
3 0.3421875 0.18906250000000005 0.2875 0.18906250000000005 0.2875 0.2765625 0.3421875 0.2765625
3 0.8078125 0.2578125000000001 0.740625 0.2578125000000001 0.740625 0.3453125000000001 0.8078125 0.3453125000000001
0 0.8515625 0.22031250000000008 0.809375 0.22031250000000008 0.809375 0.25468750000000007 0.8515625 0.25468750000000007
0 0.75 0.22656250000000008 0.7046875 0.22656250000000008 0.7046875 0.2578125000000001 0.75 0.2578125000000001
0 0.290625 0.15156250000000004 0.2421875 0.15156250000000004 0.2421875 0.18281250000000004 0.290625 0.18281250000000004
0 0.3796875 0.17812500000000003 0.3421875 0.17812500000000003 0.3421875 0.20468750000000005 0.3796875 0.20468750000000008
0 0.38125 0.15000000000000005 0.240625 0.15000000000000005 0.240625 0.20625000000000004 0.38125 0.2062500000000001
0 0.853125 0.2171875000000001 0.703125 0.2171875000000001 0.703125 0.2593750000000001 0.853125 0.2593750000000001
1 0.39687500000000003 0.039062500000000035 0.1703125 0.03906250000000002 0.17031250000000003 0.4046875 0.3968750000000001 0.4046875
1 0.8953125 0.0875000000000001 0.68125 0.08750000000000009 0.68125 0.48125000000000007 0.8953125 0.4812500000000002