2 0.5234375 0.6140625 0.471875 0.6140625 0.471875 0.6390625 0.5234375 0.6390625
2 0.2953125000000001 0.596875 0.20468750000000008 0.596875 0.20468750000000008 0.625 0.2953125000000001 0.625
3 0.521875 0.65 0.484375 0.65 0.484375 0.7078125 0.521875 0.7078125
3 0.2812500000000001 0.646875 0.21875000000000008 0.646875 0.21875000000000008 0.73125 0.2812500000000001 0.73125
0 0.2171875000000001 0.7359375 0.1609375000000001 0.7359375 0.1609375000000001 0.7734375 0.2171875000000001 0.7734375
0 0.3234375000000001 0.725 0.2765625000000001 0.725 0.2765625000000001 0.75625 0.3234375000000001 0.75625
0 0.540625 0.7 0.5140625 0.7 0.5140625 0.7171875 0.540625 0.7171875
0 0.4828125 0.7046875 0.45 0.7046875 0.45 0.721875 0.4828125 0.721875
0 0.32500000000000007 0.725 0.1593750000000001 0.725 0.1593750000000001 0.7765625 0.32500000000000007 0.7765625
0 0.5421875 0.6984375 0.446875 0.6984375 0.446875 0.7234375 0.5421875 0.7234375
1 0.3453125000000001 0.5203125 0.12656250000000005 0.5203125 0.12656250000000008 0.9203125 0.3453125000000001 0.9203125
1 0.5515625000000001 0.571875 0.41875 0.571875 0.41875000000000007 0.796875 0.5515625000000002 0.796875