2 0.5453125 0.2453125000000001 0.5234375 0.2453125000000001 0.5234375 0.34843750000000007 0.5453125 0.34843750000000007
2 0.5468750000000002 0.7421875 0.5125000000000002 0.7421875 0.5125000000000002 0.8515625 0.5468750000000002 0.8515625
3 0.509375 0.2640625000000001 0.440625 0.2640625000000001 0.440625 0.3453125000000001 0.509375 0.3453125000000001
3 0.5078125000000002 0.7734375 0.43750000000000017 0.7734375 0.43750000000000017 0.85 0.5078125000000002 0.85
0 0.446875 0.21250000000000008 0.425 0.21250000000000008 0.425 0.27812500000000007 0.446875 0.27812500000000007
0 0.4546875 0.34843750000000007 0.4328125 0.34843750000000007 0.4328125 0.4046875 0.4546875 0.4046875
0 0.4515625000000002 0.8546875 0.43750000000000017 0.8546875 0.43750000000000017 0.9140625 0.4515625000000002 0.9140625
0 0.4453125000000001 0.7234375 0.4296875 0.7234375 0.4296875000000001 0.7890625 0.44531250000000017 0.7890625
0 0.45625 0.21093750000000008 0.4234375 0.21093750000000008 0.4234375 0.40625 0.45625 0.40625
1 0.5718750000000001 0.675 0.3375000000000001 0.675 0.3375000000000001 0.940625 0.5718750000000001 0.940625
1 0.584375 0.16093750000000007 0.35 0.16093750000000004 0.35000000000000003 0.4140625 0.584375 0.4140625