2 0.7312500000000001 0.6890625000000001 0.7015625 0.6890625 0.7015625000000001 0.7625000000000001 0.7312500000000002 0.7625000000000002
2 0.7484375 0.10468750000000009 0.690625 0.10468750000000009 0.690625 0.18750000000000008 0.7484375 0.18750000000000008
3 0.81875 0.7015625000000002 0.7453125 0.7015625000000002 0.7453125 0.7531250000000002 0.81875 0.7531250000000002
3 0.8265625 0.10781250000000009 0.7640625 0.10781250000000009 0.7640625 0.17343750000000008 0.8265625 0.17343750000000008
0 0.89375 0.0453125000000001 0.85625 0.0453125000000001 0.85625 0.10312500000000009 0.89375 0.10312500000000009
0 0.878125 0.16406250000000008 0.846875 0.16406250000000008 0.846875 0.20468750000000008 0.878125 0.20468750000000008
0 0.828125 0.6625000000000002 0.80625 0.6625000000000002 0.80625 0.7000000000000002 0.828125 0.7000000000000002
0 0.846875 0.7453125000000002 0.821875 0.7453125000000002 0.821875 0.7718750000000002 0.846875 0.7718750000000002
0 0.8484375 0.6578125000000001 0.803125 0.6578125000000001 0.803125 0.7734375000000002 0.8484375 0.7734375000000002
0 0.8953125 0.04375000000000011 0.8453125 0.0437500000000001 0.8453125 0.2062500000000001 0.8953125 0.2062500000000001
1 0.9296875 0.628125 0.65625 0.628125 0.6562500000000001 0.8015625 0.9296875 0.8015625
1 0.99375 0.0140625000000001 0.634375 0.014062500000000078 0.634375 0.2140625000000001 0.99375 0.2140625000000001