2 0.5109375 0.6875 0.4796875 0.6875 0.4796875000000001 0.7640625 0.5109375000000002 0.7640625
2 0.4140625 0.503125 0.37968750000000007 0.503125 0.37968750000000007 0.5671875 0.4140625 0.5671875
3 0.6015625000000001 0.69375 0.528125 0.69375 0.5281250000000001 0.7484375 0.6015625000000002 0.7484375
3 0.50625 0.509375 0.4265625 0.509375 0.4265625 0.5609375 0.50625 0.5609375
0 0.6296875 0.6578125 0.603125 0.6578125 0.603125 0.696875 0.6296875 0.696875
0 0.515625 0.4796875 0.4953125 0.4796875 0.4953125 0.5109375 0.515625 0.5109375
0 0.5203125 0.55625 0.4984375 0.55625 0.4984375 0.5859375 0.5203125 0.5859375
0 0.6140625000000002 0.7421875 0.5984375000000002 0.7421875 0.5984375000000002 0.79375 0.6140625000000002 0.79375
0 0.521875 0.478125 0.4953125 0.478125 0.4953125 0.5875 0.521875 0.5875
0 0.6312500000000001 0.65625 0.596875 0.65625 0.596875 0.7953125 0.6312500000000002 0.7953125
1 0.7390625000000001 0.6421875000000001 0.4296875 0.6421875 0.4296875000000001 0.8140625 0.7390625000000002 0.8140625
1 0.559375 0.4578125 0.3375000000000001 0.4578125 0.3375000000000001 0.609375 0.559375 0.609375