2 0.32500000000000007 0.4796875 0.2515625000000001 0.4796875 0.2515625000000001 0.5109375 0.32500000000000007 0.5109375
2 0.525 0.5796875 0.4625 0.5796875 0.4625 0.615625 0.525 0.615625
3 0.5171875 0.4890625 0.46875 0.4890625 0.46875 0.56875 0.5171875 0.56875
3 0.3187500000000001 0.390625 0.2640625000000001 0.390625 0.2640625000000001 0.465625 0.3187500000000001 0.465625
0 0.26875000000000004 0.3625 0.225 0.3625 0.22500000000000003 0.390625 0.2687500000000001 0.390625
0 0.3593750000000001 0.3703125 0.3187500000000001 0.3703125 0.3187500000000001 0.396875 0.3593750000000001 0.396875
0 0.4703125 0.484375 0.4375 0.484375 0.4375 0.503125 0.4703125 0.503125
0 0.54375 0.4828125 0.5125 0.4828125 0.5125 0.503125 0.54375 0.503125
0 0.546875 0.4796875 0.4359375 0.4796875 0.4359375 0.5046875 0.546875 0.5046875
1 0.37343750000000003 0.2515625 0.2015625 0.2515625 0.20156250000000003 0.5625 0.3734375000000001 0.5625
1 0.5625 0.44375 0.415625 0.44375 0.415625 0.659375 0.5625 0.659375
0 0.35781250000000003 0.3625 0.2234375 0.3625 0.22343750000000004 0.3953125 0.3578125000000001 0.3953125