2 0.32500000000000007 0.46875 0.24375000000000008 0.46875 0.24375000000000008 0.4921875 0.32500000000000007 0.4921875
2 0.8078125 0.4734375000000002 0.7671875 0.4734375000000002 0.7671875 0.49531250000000016 0.8078125 0.49531250000000016
3 0.31718750000000007 0.4125 0.2578125000000001 0.4125 0.2578125000000001 0.4578125 0.31718750000000007 0.4578125
3 0.8078125 0.4359375000000002 0.76875 0.4359375000000002 0.76875 0.47187500000000016 0.8078125 0.47187500000000016
0 0.2656250000000001 0.3984375 0.2218750000000001 0.3984375 0.2218750000000001 0.4140625 0.2656250000000001 0.4140625
0 0.7703125 0.4265625000000002 0.740625 0.4265625000000002 0.740625 0.43750000000000017 0.7703125 0.43750000000000017
0 0.8390625 0.4281250000000002 0.809375 0.4281250000000002 0.809375 0.44062500000000016 0.8390625 0.44062500000000016
0 0.3515625000000001 0.4 0.3156250000000001 0.4 0.3156250000000001 0.415625 0.3515625000000001 0.415625
0 0.3546875000000001 0.396875 0.21875000000000008 0.396875 0.21875000000000008 0.415625 0.3546875000000001 0.415625
0 0.8421875 0.42500000000000016 0.7390625 0.42500000000000016 0.7390625 0.44062500000000016 0.8421875 0.44062500000000016
1 0.36718750000000006 0.32656250000000003 0.19687500000000005 0.3265625 0.19687500000000005 0.521875 0.3671875000000001 0.521875
1 0.8578125 0.3828125000000001 0.715625 0.3828125000000001 0.715625 0.5203125000000001 0.8578125 0.5203125000000002