2 0.3703125000000001 0.478125 0.3078125000000001 0.478125 0.3078125000000001 0.503125 0.3703125000000001 0.503125
2 0.740625 0.4921875000000001 0.6859375 0.4921875 0.6859375 0.51875 0.740625 0.5187500000000002
3 0.37187500000000007 0.5140625 0.3187500000000001 0.5140625 0.3187500000000001 0.5546875 0.37187500000000007 0.5546875
3 0.71875 0.5140625 0.678125 0.5140625 0.678125 0.55 0.71875 0.55
0 0.40625 0.55 0.37187500000000007 0.55 0.37187500000000007 0.565625 0.40625 0.565625
0 0.3281250000000001 0.5546875 0.2875000000000001 0.5546875 0.2875000000000001 0.5703125 0.3281250000000001 0.5703125
0 0.71875 0.5546875 0.69375 0.5546875 0.69375 0.56875 0.71875 0.56875
0 0.6640625 0.528125 0.6359375 0.528125 0.6359375 0.54375 0.6640625 0.54375
0 0.4078125 0.55 0.28593750000000007 0.55 0.28593750000000007 0.571875 0.4078125 0.571875
0 0.7203125 0.528125 0.6328125 0.528125 0.6328125 0.56875 0.7203125 0.56875
1 0.4171875 0.453125 0.2328125000000001 0.453125 0.2328125000000001 0.634375 0.4171875 0.634375
1 0.7671875 0.4640625000000001 0.6109375 0.4640625 0.6109375 0.5984375000000001 0.7671875 0.5984375000000002