2 0.7765625 0.4593750000000001 0.6984375 0.459375 0.6984375 0.4984375000000001 0.7765625 0.4984375000000002
2 0.55625 0.4953125 0.5234375 0.4953125 0.5234375 0.51875 0.55625 0.51875
2 0.17968750000000008 0.6484375 0.13437500000000008 0.6484375 0.13437500000000008 0.678125 0.17968750000000008 0.678125
3 0.759375 0.3750000000000001 0.7046875 0.3750000000000001 0.7046875 0.4531250000000001 0.759375 0.45312500000000017
3 0.1828125000000001 0.603125 0.1453125000000001 0.603125 0.1453125000000001 0.6515625 0.1828125000000001 0.6515625
3 0.546875 0.4484375 0.5203125 0.4484375 0.5203125 0.4890625 0.546875 0.4890625
3 0.3437500000000001 0.4421875 0.3218750000000001 0.4421875 0.3218750000000001 0.4765625 0.3437500000000001 0.4765625
0 0.7953125 0.3468750000000001 0.753125 0.3468750000000001 0.753125 0.3703125000000001 0.7953125 0.3703125000000001
0 0.7109375 0.3578125000000001 0.6734375 0.3578125000000001 0.6734375 0.3781250000000001 0.7109375 0.3781250000000001
0 0.51875 0.4453125 0.5015625 0.4453125 0.5015625 0.4609375 0.51875 0.4609375
0 0.5546875 0.43125 0.5390625 0.43125 0.5390625 0.446875 0.5546875 0.446875
0 0.3625000000000001 0.4390625 0.3453125000000001 0.4390625 0.3453125000000001 0.453125 0.3625000000000001 0.453125
0 0.3265625000000001 0.43125 0.3140625000000001 0.43125 0.3140625000000001 0.44375 0.3265625000000001 0.44375
0 0.16406250000000008 0.58125 0.1437500000000001 0.58125 0.1437500000000001 0.5984375 0.16406250000000008 0.5984375
0 0.2156250000000001 0.60625 0.18750000000000008 0.60625 0.18750000000000008 0.625 0.2156250000000001 0.625
0 0.8 0.3437500000000001 0.6703125 0.3437500000000001 0.6703125 0.3812500000000001 0.8 0.3812500000000001
1 0.23437500000000008 0.5640625 0.12031250000000009 0.5640625 0.12031250000000009 0.73125 0.23437500000000008 0.73125
1 0.3750000000000001 0.403125 0.3046875000000001 0.403125 0.3046875000000001 0.521875 0.3750000000000001 0.521875
1 0.5671875 0.3984375000000001 0.4953125 0.3984375000000001 0.4953125 0.540625 0.5671875 0.540625
1 0.8390625 0.2375000000000001 0.65625 0.2375000000000001 0.65625 0.5468750000000001 0.8390625 0.5468750000000002