1 0.8921875 0.3296875000000001 0.60625 0.3296875000000001 0.60625 0.6125 0.8921875 0.6125000000000002
1 0.3593750000000001 0.4203125 0.13750000000000004 0.4203125 0.13750000000000007 0.6359375 0.3593750000000001 0.6359375
2 0.803125 0.5375000000000001 0.68125 0.5375 0.68125 0.5671875000000001 0.803125 0.5671875000000002
2 0.3296875000000001 0.5640625 0.2609375000000001 0.5640625 0.2609375000000001 0.5890625 0.3296875000000001 0.5890625
3 0.778125 0.4328125000000001 0.678125 0.4328125 0.678125 0.5203125000000001 0.778125 0.5203125000000002
3 0.32500000000000007 0.4953125 0.2656250000000001 0.4953125 0.2656250000000001 0.5546875 0.32500000000000007 0.5546875
0 0.678125 0.425 0.63125 0.425 0.63125 0.453125 0.678125 0.453125
0 0.853125 0.4156250000000002 0.7625 0.4156250000000002 0.7625 0.4437500000000002 0.853125 0.4437500000000002
0 0.2578125000000001 0.4875 0.2296875000000001 0.4875 0.2296875000000001 0.50625 0.2578125000000001 0.50625
0 0.85625 0.4140625000000001 0.628125 0.4140625 0.628125 0.4546875000000001 0.85625 0.4546875000000002
0 0.3390625000000001 0.49375 0.3125000000000001 0.49375 0.3125000000000001 0.5125 0.3390625000000001 0.5125
0 0.3390625000000001 0.4890625 0.22656250000000008 0.4890625 0.22656250000000008 0.5125 0.3390625000000001 0.5125