2 0.815625 0.4546875000000002 0.7296875 0.4546875000000002 0.7296875 0.49531250000000016 0.815625 0.49531250000000016
2 0.17968750000000008 0.6578125 0.1281250000000001 0.6578125 0.1281250000000001 0.6984375 0.17968750000000008 0.6984375
2 0.584375 0.4640625 0.5546875 0.4640625 0.5546875 0.4921875 0.584375 0.4921875
2 0.4125 0.459375 0.3828125000000001 0.459375 0.3828125000000001 0.478125 0.4125 0.478125
3 0.18125000000000008 0.55625 0.12656250000000008 0.55625 0.12656250000000008 0.6453125 0.18125000000000008 0.6453125
3 0.796875 0.36406250000000007 0.7390625 0.36406250000000007 0.7390625 0.4500000000000002 0.796875 0.4500000000000002
3 0.584375 0.41875 0.5578125 0.41875 0.5578125 0.459375 0.584375 0.459375
3 0.4140625 0.4203125 0.3906250000000001 0.4203125 0.3906250000000001 0.459375 0.4140625 0.459375
0 0.8328125 0.34062500000000007 0.790625 0.34062500000000007 0.790625 0.3625000000000001 0.8328125 0.3625000000000001
0 0.7453125 0.3500000000000001 0.7078125 0.3500000000000001 0.7078125 0.3687500000000001 0.7453125 0.3687500000000001
0 0.21875000000000008 0.54375 0.17812500000000003 0.54375 0.17812500000000006 0.565625 0.21875000000000008 0.565625
0 0.1296875000000001 0.5578125 0.09531250000000006 0.5578125 0.09531250000000006 0.5796875 0.1296875000000001 0.5796875
0 0.60625 0.4109375 0.5875 0.4109375 0.5875 0.4265625 0.60625 0.4265625
0 0.5625 0.4046875 0.54375 0.4046875 0.54375 0.421875 0.5625 0.421875
0 0.43125 0.4234375 0.4171875 0.4234375 0.4171875 0.4375 0.43125 0.4375
0 0.609375 0.4015625 0.54375 0.4015625 0.54375 0.4265625 0.609375 0.4265625
0 0.8359375 0.3375000000000001 0.70625 0.3375000000000001 0.70625 0.37187500000000007 0.8359375 0.37187500000000007
0 0.2218750000000001 0.54375 0.09375000000000007 0.54375 0.09375000000000007 0.58125 0.2218750000000001 0.58125
0 0.3968750000000001 0.4125 0.3828125000000001 0.4125 0.3828125000000001 0.4234375 0.3968750000000001 0.4234375
1 0.88125 0.21875000000000008 0.690625 0.21875000000000008 0.690625 0.5421875 0.88125 0.5421875000000002
1 0.6171875 0.3593750000000001 0.5359375 0.3593750000000001 0.5359375 0.5046875 0.6171875 0.5046875
1 0.2750000000000001 0.4421875 0.08125000000000004 0.4421875 0.08125000000000007 0.753125 0.2750000000000001 0.753125
1 0.4375 0.3890625000000001 0.3687500000000001 0.3890625000000001 0.3687500000000001 0.5 0.4375 0.5