2 0.3328125 0.3203125 0.2484375 0.3203125 0.2484375 0.3578125 0.3328125 0.3578125
2 0.734375 0.4546875000000001 0.65625 0.4546875 0.65625 0.4859375000000001 0.734375 0.4859375000000002
3 0.3203125 0.2203125 0.2609375 0.2203125 0.2609375 0.30625 0.3203125 0.30625
3 0.7265625 0.3578125000000001 0.6625 0.3578125000000001 0.6625 0.4375000000000001 0.7265625 0.43750000000000017
3 0.09375000000000004 0.3765625 0.07031250000000004 0.3765625 0.07031250000000004 0.40625 0.09375000000000004 0.40625
0 0.275 0.18750000000000006 0.2359375 0.18750000000000006 0.2359375 0.215625 0.275 0.215625
0 0.36875 0.21406250000000004 0.328125 0.2140625 0.328125 0.24062500000000003 0.36875 0.2406250000000001
0 0.6671875 0.3343750000000001 0.625 0.3343750000000001 0.625 0.3593750000000001 0.6671875 0.3593750000000001
0 0.771875 0.3218750000000001 0.728125 0.3218750000000001 0.728125 0.3500000000000001 0.771875 0.3500000000000001
0 0.371875 0.18593750000000003 0.234375 0.18593750000000003 0.234375 0.24218750000000006 0.371875 0.24218750000000008
1 0.803125 0.17968750000000008 0.5890625 0.17968750000000008 0.5890625 0.5453125000000001 0.803125 0.5453125000000002
1 0.38593750000000004 0.08437500000000003 0.2 0.08437500000000002 0.20000000000000004 0.403125 0.3859375000000001 0.403125