2 0.678125 0.2656250000000001 0.63125 0.2656250000000001 0.63125 0.3281250000000001 0.678125 0.3281250000000001
2 0.6140625000000002 0.765625 0.5796875000000001 0.765625 0.5796875000000001 0.85 0.6140625000000002 0.85
3 0.78125 0.2750000000000001 0.6984375 0.2750000000000001 0.6984375 0.3234375000000001 0.78125 0.3234375000000001
3 0.7218750000000002 0.7765625 0.6375000000000002 0.7765625 0.6375000000000002 0.8421875 0.7218750000000002 0.8421875
0 0.821875 0.22812500000000008 0.790625 0.22812500000000008 0.790625 0.2734375000000001 0.821875 0.2734375000000001
0 0.803125 0.32500000000000007 0.778125 0.32500000000000007 0.778125 0.3625000000000001 0.803125 0.3625000000000001
0 0.7546875000000002 0.840625 0.7234375000000002 0.840625 0.7234375000000002 0.884375 0.7546875000000002 0.884375
0 0.7453125000000002 0.7437500000000001 0.7171875000000002 0.74375 0.7171875000000002 0.784375 0.7453125000000002 0.7843750000000002
0 0.7562500000000002 0.7421875000000001 0.7171875000000002 0.7421875 0.7171875000000002 0.8859375 0.7562500000000002 0.8859375
0 0.8234375 0.22812500000000008 0.7765625 0.22812500000000008 0.7765625 0.3625000000000001 0.8234375 0.3625000000000001
1 0.8984375 0.7203125000000001 0.5171875 0.7203125 0.5171875000000001 0.9265625 0.8984375 0.9265625
1 0.9171875 0.1593750000000001 0.5859375 0.1593750000000001 0.5859375 0.3781250000000001 0.9171875 0.3781250000000001