2 0.76875 0.3734375000000001 0.6796875 0.3734375000000001 0.6796875 0.4390625000000001 0.76875 0.4390625000000002
2 0.2500000000000001 0.50625 0.10625000000000004 0.50625 0.10625000000000007 0.5734375 0.2500000000000001 0.5734375
3 0.25625000000000003 0.3578125 0.15625000000000006 0.3578125 0.15625000000000006 0.5 0.2562500000000001 0.5
3 0.7421875 0.2656250000000001 0.6671875 0.2656250000000001 0.6671875 0.3781250000000001 0.7421875 0.3781250000000001
0 0.33593750000000006 0.3546875 0.271875 0.3546875 0.27187500000000003 0.409375 0.3359375000000001 0.409375
0 0.18906250000000005 0.25 0.10625000000000004 0.25 0.10625000000000004 0.3234375 0.18906250000000005 0.3234375
0 0.7671875 0.22031250000000008 0.715625 0.22031250000000008 0.715625 0.2578125000000001 0.7671875 0.2578125000000001
0 0.6546875 0.2812500000000001 0.6109375 0.2812500000000001 0.6109375 0.31718750000000007 0.6546875 0.31718750000000007
0 0.7703125 0.21875000000000008 0.6109375 0.21875000000000008 0.6109375 0.3187500000000001 0.7703125 0.3187500000000001
0 0.3375 0.2484375 0.10468750000000004 0.2484375 0.10468750000000004 0.4125 0.3375000000000001 0.4125
1 0.37500000000000006 0.08281250000000002 0.0015625000000000105 0.0828125 0.0015625000000000476 0.69375 0.3750000000000001 0.69375
1 0.8375 0.1515625000000001 0.5875 0.1515625000000001 0.5875 0.5203125000000001 0.8375 0.5203125000000002