2 0.4265625 0.46875 0.3609375000000001 0.46875 0.3609375000000001 0.4921875 0.4265625 0.4921875
2 0.7296875 0.5703125000000001 0.665625 0.5703125 0.665625 0.5890625 0.7296875 0.5890625000000002
3 0.721875 0.590625 0.675 0.590625 0.675 0.6375 0.721875 0.6375
3 0.4203125 0.5 0.3656250000000001 0.5 0.3656250000000001 0.546875 0.4203125 0.546875
0 0.36406250000000007 0.5390625 0.3203125000000001 0.5390625 0.3203125000000001 0.5578125 0.36406250000000007 0.5578125
0 0.446875 0.5484375 0.4109375 0.5484375 0.4109375 0.5671875 0.446875 0.5671875
0 0.753125 0.6265625000000001 0.728125 0.6265625000000001 0.728125 0.6390625000000002 0.753125 0.6390625000000002
0 0.690625 0.634375 0.665625 0.634375 0.665625 0.646875 0.690625 0.646875
0 0.7546875 0.6265625000000001 0.6640625 0.6265625 0.6640625 0.6484375000000001 0.7546875 0.6484375000000002
1 0.4625 0.4421875 0.2656250000000001 0.4421875 0.2656250000000001 0.621875 0.4625 0.621875
1 0.8015625 0.5390625000000001 0.6453125 0.5390625 0.6453125 0.6953125000000001 0.8015625 0.6953125000000002