2 0.48125 0.6046875 0.415625 0.6046875 0.415625 0.6890625 0.48125 0.6890625
2 0.6078125 0.050000000000000065 0.5734375 0.050000000000000065 0.5734375 0.11562500000000009 0.6078125 0.11562500000000009
3 0.6375 0.584375 0.50625 0.584375 0.50625 0.6546875 0.6375 0.6546875
3 0.6859375 0.05625000000000008 0.6171875 0.056250000000000064 0.6171875 0.10937500000000008 0.6859375 0.10937500000000008
0 0.6890625 0.640625 0.6421875 0.640625 0.6421875 0.696875 0.6890625 0.696875
0 0.6375 0.5359375 0.6015625 0.5359375 0.6015625 0.5765625 0.6375 0.5765625
0 0.690625 0.5328125 0.596875 0.5328125 0.596875 0.6984375 0.690625 0.6984375
0 0.7015625 0.025000000000000085 0.6796875 0.025000000000000078 0.6796875 0.05468750000000009 0.7015625 0.05468750000000009
0 0.6953125 0.0984375000000001 0.675 0.0984375000000001 0.675 0.1296875000000001 0.6953125 0.1296875000000001
1 0.81875 0.5156250000000001 0.3593750000000001 0.515625 0.3593750000000001 0.8125 0.81875 0.8125
1 0.7859375 0.01093750000000008 0.5265625 0.010937500000000063 0.5265625 0.13906250000000006 0.7859375 0.1390625000000001
0 0.7 0.028125000000000084 0.678125 0.028125000000000077 0.678125 0.1312500000000001 0.7 0.1312500000000001