1 0.2390625000000001 0.5703125 0.1546875000000001 0.5703125 0.1546875000000001 0.7375 0.2390625000000001 0.7375
2 0.78125 0.5125000000000001 0.6984375 0.5125 0.6984375 0.55 0.78125 0.5500000000000002
2 0.5046875 0.68125 0.453125 0.68125 0.453125 0.70625 0.5046875 0.70625
2 0.37968750000000007 0.696875 0.3421875000000001 0.696875 0.3421875000000001 0.71875 0.37968750000000007 0.71875
2 0.21250000000000008 0.59375 0.1750000000000001 0.59375 0.1750000000000001 0.615625 0.21250000000000008 0.615625
3 0.7703125 0.565625 0.7109375 0.565625 0.7109375 0.6562500000000001 0.7703125 0.6562500000000002
3 0.4953125000000001 0.7171875 0.4578125 0.7171875 0.45781250000000007 0.76875 0.49531250000000016 0.76875
3 0.3687500000000001 0.7265625 0.34062500000000007 0.7265625 0.34062500000000007 0.7703125 0.3687500000000001 0.7703125
3 0.21093750000000008 0.6171875 0.1843750000000001 0.6171875 0.1843750000000001 0.6609375 0.21093750000000008 0.6609375
0 0.8125 0.6531250000000002 0.7625 0.6531250000000002 0.7625 0.6875000000000002 0.8125 0.6875000000000002
0 0.7109375 0.640625 0.6671875 0.640625 0.6671875 0.66875 0.7109375 0.66875
0 0.46406250000000016 0.76875 0.43750000000000017 0.76875 0.43750000000000017 0.7875 0.46406250000000016 0.7875
0 0.5218750000000002 0.7671875 0.49531250000000016 0.7671875 0.49531250000000016 0.7859375 0.5218750000000002 0.7859375
0 0.3359375000000001 0.75625 0.3140625000000001 0.75625 0.3140625000000001 0.771875 0.3359375000000001 0.771875
0 0.3812500000000001 0.7671875 0.3609375000000001 0.7671875 0.3609375000000001 0.7828125 0.3812500000000001 0.7828125
0 0.18750000000000008 0.6625 0.1687500000000001 0.6625 0.1687500000000001 0.6796875 0.18750000000000008 0.6796875
0 0.815625 0.6390625000000001 0.6640625 0.6390625 0.6640625 0.6890625000000001 0.815625 0.6890625000000001
0 0.2296875000000001 0.6484375 0.2140625000000001 0.6484375 0.2140625000000001 0.6640625 0.2296875000000001 0.6640625
0 0.5265625000000002 0.765625 0.4359375000000002 0.765625 0.4359375000000002 0.790625 0.5265625000000002 0.790625
0 0.2296875000000001 0.646875 0.1671875000000001 0.646875 0.1671875000000001 0.6796875 0.2296875000000001 0.6796875
1 0.5578125 0.640625 0.4234375 0.640625 0.4234375000000001 0.8625 0.5578125000000002 0.8625
1 0.8453125 0.4515625000000001 0.646875 0.4515625 0.6468750000000001 0.8171875 0.8453125 0.8171875
1 0.4046875000000001 0.6609375 0.3062500000000001 0.6609375 0.3062500000000001 0.8328125 0.4046875000000002 0.8328125
0 0.3812500000000001 0.75625 0.3156250000000001 0.75625 0.3156250000000001 0.7828125 0.3812500000000001 0.7828125