2 0.85625 0.3546875000000001 0.8140625 0.3546875000000001 0.8140625 0.3687500000000001 0.85625 0.3687500000000001
2 0.7125 0.3531250000000001 0.671875 0.3531250000000001 0.671875 0.3703125000000001 0.7125 0.3703125000000001
2 0.4000000000000002 0.86875 0.3578125000000001 0.86875 0.3578125000000001 0.884375 0.4000000000000002 0.884375
2 0.2687500000000001 0.5265625 0.2250000000000001 0.5265625 0.2250000000000001 0.540625 0.2687500000000001 0.540625
2 0.4078125 0.5109375 0.37187500000000007 0.5109375 0.37187500000000007 0.5265625 0.4078125 0.5265625
2 0.659375 0.703125 0.6140625 0.703125 0.6140625 0.7203125 0.659375 0.7203125
2 0.3671875000000001 0.7265625 0.3281250000000001 0.7265625 0.3281250000000001 0.7390625 0.3671875000000001 0.7390625
2 0.24375000000000008 0.90625 0.19687500000000008 0.90625 0.1968750000000001 0.9234375 0.24375000000000008 0.9234375
2 0.8484375 0.7078125000000002 0.7984375 0.7078125000000002 0.7984375 0.7203125000000001 0.8484375 0.7203125000000001
2 0.6640625 0.546875 0.621875 0.546875 0.621875 0.5609375 0.6640625 0.5609375
2 0.6734375 0.1859375000000001 0.6328125 0.1859375000000001 0.6328125 0.1984375000000001 0.6734375 0.1984375000000001
2 0.24375000000000005 0.35625 0.2015625 0.35625 0.20156250000000003 0.36875 0.24375000000000008 0.36875
2 0.81875 0.2140625000000001 0.78125 0.2140625000000001 0.78125 0.2250000000000001 0.81875 0.2250000000000001
2 0.884375 0.5734375000000002 0.8421875 0.5734375000000002 0.8421875 0.5843750000000002 0.884375 0.5843750000000002
2 0.15781250000000008 0.7484375 0.12343750000000009 0.7484375 0.12343750000000009 0.7625 0.15781250000000008 0.7625
2 0.3656250000000001 0.37968750000000007 0.3312500000000001 0.3796875 0.3312500000000001 0.3921875 0.3656250000000001 0.3921875000000001
3 0.7109375 0.30937500000000007 0.6765625 0.30937500000000007 0.6765625 0.3468750000000001 0.7109375 0.3468750000000001
3 0.2375000000000001 0.8578125 0.1984375000000001 0.8578125 0.1984375000000001 0.896875 0.2375000000000001 0.896875
3 0.2656250000000001 0.4828125 0.2312500000000001 0.4828125 0.2312500000000001 0.51875 0.2656250000000001 0.51875
3 0.85625 0.3187500000000001 0.81875 0.3187500000000001 0.81875 0.34843750000000007 0.85625 0.34843750000000007
3 0.6671875 0.5203125 0.6375 0.5203125 0.6375 0.5453125 0.6671875 0.5453125
3 0.40156250000000016 0.8296875 0.36406250000000007 0.8296875 0.36406250000000007 0.8640625 0.40156250000000016 0.8640625
3 0.4046875 0.475 0.3687500000000001 0.475 0.3687500000000001 0.5046875 0.4046875 0.5046875
3 0.840625 0.6734375000000001 0.8046875 0.6734375000000001 0.8046875 0.7031250000000002 0.840625 0.7031250000000002
3 0.665625 0.665625 0.6296875 0.665625 0.6296875 0.696875 0.665625 0.696875
3 0.8828125 0.5437500000000002 0.85625 0.5437500000000002 0.85625 0.5703125000000002 0.8828125 0.5703125000000002
3 0.234375 0.3296875 0.203125 0.3296875 0.203125 0.3546875 0.234375 0.3546875
3 0.6625 0.1609375000000001 0.6296875 0.1609375000000001 0.6296875 0.1859375000000001 0.6625 0.1859375000000001
3 0.1593750000000001 0.7203125 0.1296875000000001 0.7203125 0.1296875000000001 0.74375 0.1593750000000001 0.74375
3 0.36250000000000004 0.3515625 0.3375 0.3515625 0.3375 0.3734375 0.3625000000000001 0.3734375
3 0.36406250000000007 0.6984375 0.3359375000000001 0.6984375 0.3359375000000001 0.7234375 0.36406250000000007 0.7234375
3 0.8109375 0.18906250000000008 0.7859375 0.18906250000000008 0.7859375 0.2093750000000001 0.8109375 0.2093750000000001
3 0.609375 0.5125 0.5859375 0.5125 0.5859375 0.53125 0.609375 0.53125
0 0.1843750000000001 0.7171875 0.1625000000000001 0.7171875 0.1625000000000001 0.725 0.1843750000000001 0.725
0 0.628125 0.16406250000000008 0.603125 0.16406250000000008 0.603125 0.17343750000000008 0.628125 0.17343750000000008
0 0.3671875000000001 0.471875 0.3421875000000001 0.471875 0.3421875000000001 0.4828125 0.3671875000000001 0.4828125
0 0.6734375 0.3062500000000001 0.646875 0.3062500000000001 0.646875 0.31718750000000007 0.6734375 0.31718750000000007
0 0.88125 0.3156250000000001 0.85625 0.3156250000000001 0.85625 0.32500000000000007 0.88125 0.32500000000000007
0 0.2312500000000001 0.4796875 0.20468750000000008 0.4796875 0.20468750000000008 0.4890625 0.2312500000000001 0.4890625
0 0.19687500000000008 0.85625 0.1671875000000001 0.85625 0.1671875000000001 0.865625 0.19687500000000008 0.865625
0 0.80625 0.6718750000000002 0.78125 0.6718750000000002 0.78125 0.6812500000000001 0.80625 0.6812500000000001
0 0.821875 0.3140625000000001 0.7953125 0.3140625000000001 0.7953125 0.3234375000000001 0.821875 0.3234375000000001
0 0.4312500000000002 0.828125 0.4031250000000002 0.828125 0.4031250000000002 0.8375 0.4312500000000002 0.8375
0 0.865625 0.6703125000000002 0.8390625 0.6703125000000002 0.8390625 0.6796875000000002 0.865625 0.6796875000000002
0 0.13437500000000008 0.7125 0.1140625000000001 0.7125 0.1140625000000001 0.7203125 0.13437500000000008 0.7203125
0 0.6453125 0.5125 0.6203125 0.5125 0.6203125 0.5234375 0.6453125 0.5234375
0 0.6390625 0.65625 0.6125 0.65625 0.6125 0.6671875 0.6390625 0.6671875
0 0.684375 0.6640625 0.665625 0.6640625 0.665625 0.6734375 0.684375 0.6734375
0 0.4234375 0.46875 0.4 0.46875 0.4 0.4796875 0.4234375 0.4796875
0 0.203125 0.3296875 0.18125000000000005 0.3296875 0.18125000000000005 0.3375 0.203125 0.3375
0 0.3687500000000001 0.821875 0.34062500000000007 0.821875 0.34062500000000007 0.83125 0.3687500000000001 0.83125
0 0.2921875000000001 0.48125 0.2671875000000001 0.48125 0.2671875000000001 0.4921875 0.2921875000000001 0.4921875
0 0.734375 0.3078125000000001 0.709375 0.3078125000000001 0.709375 0.3187500000000001 0.734375 0.3187500000000001
0 0.6671875 0.1546875000000001 0.646875 0.1546875000000001 0.646875 0.1625000000000001 0.6671875 0.1625000000000001
0 0.2484375 0.325 0.228125 0.325 0.228125 0.334375 0.2484375 0.334375
0 0.6875 0.521875 0.6671875 0.521875 0.6671875 0.5296875 0.6875 0.5296875
0 0.796875 0.1843750000000001 0.778125 0.1843750000000001 0.778125 0.1921875000000001 0.796875 0.1921875000000001
0 0.34375 0.3484375 0.325 0.3484375 0.325 0.35625 0.34375 0.35625
0 0.85625 0.5421875000000002 0.8359375 0.5421875000000002 0.8359375 0.5500000000000002 0.85625 0.5500000000000002
0 0.3875 0.34843750000000007 0.365625 0.34843750000000007 0.365625 0.3578125000000001 0.3875 0.3578125000000001
0 0.2640625000000001 0.8546875 0.23593750000000008 0.8546875 0.23593750000000008 0.865625 0.2640625000000001 0.865625
0 0.3453125000000001 0.6984375 0.3234375000000001 0.6984375 0.3234375000000001 0.70625 0.3453125000000001 0.70625
0 0.9 0.5468750000000002 0.88125 0.5468750000000002 0.88125 0.5546875000000002 0.9 0.5546875000000002
0 0.4343750000000002 0.8203125 0.3375000000000001 0.8203125 0.3375000000000001 0.8375 0.4343750000000002 0.8375
0 0.66875 0.1531250000000001 0.6015625 0.1531250000000001 0.6015625 0.1750000000000001 0.66875 0.1750000000000001
0 0.3937500000000001 0.7 0.3671875000000001 0.7 0.3671875000000001 0.7078125 0.3937500000000001 0.7078125
0 0.2671875000000001 0.853125 0.16406250000000008 0.853125 0.16406250000000008 0.8671875 0.2671875000000001 0.8671875
0 0.29375000000000007 0.478125 0.2015625000000001 0.478125 0.2015625000000001 0.4921875 0.29375000000000007 0.4921875
0 0.7375 0.3062500000000001 0.64375 0.3062500000000001 0.64375 0.3203125000000001 0.7375 0.3203125000000001
1 0.6953125000000001 0.615625 0.5609375 0.615625 0.5609375000000001 0.7390625 0.6953125000000002 0.7390625
1 0.753125 0.25468750000000007 0.60625 0.25468750000000007 0.60625 0.3859375000000001 0.753125 0.3859375000000001
1 0.30937500000000007 0.4328125 0.16718750000000004 0.4328125 0.16718750000000007 0.553125 0.30937500000000007 0.553125
1 0.4437500000000002 0.7859375 0.3156250000000001 0.7859375 0.3156250000000001 0.9 0.4437500000000002 0.9
1 0.6921875 0.13281250000000008 0.5828125 0.13281250000000008 0.5828125 0.2156250000000001 0.6921875 0.2156250000000001
1 0.6953125 0.4890625 0.590625 0.4890625 0.590625 0.575 0.6953125 0.575
1 0.453125 0.4390625 0.3359375000000001 0.4390625 0.3359375000000001 0.5390625 0.453125 0.5390625
1 0.2671875 0.3 0.16718750000000004 0.3 0.16718750000000004 0.384375 0.2671875000000001 0.384375
1 0.903125 0.2828125000000001 0.78125 0.2828125000000001 0.78125 0.3828125000000001 0.903125 0.3828125000000001
1 0.28593750000000007 0.796875 0.1281250000000001 0.796875 0.1281250000000001 0.9296875 0.28593750000000007 0.9296875
1 0.878125 0.6375000000000002 0.765625 0.6375000000000002 0.7656250000000001 0.7375000000000002 0.878125 0.7375000000000002
1 0.415625 0.32031250000000006 0.315625 0.3203125 0.31562500000000004 0.409375 0.415625 0.409375
1 0.8703125 0.1531250000000001 0.76875 0.1531250000000001 0.76875 0.24375000000000008 0.8703125 0.24375000000000008
1 0.4140625000000001 0.6671875 0.3125000000000001 0.6671875 0.3125000000000001 0.75625 0.41406250000000017 0.75625
1 0.9125 0.5109375000000002 0.8078125 0.5109375000000002 0.8078125 0.5984375000000002 0.9125 0.5984375000000002
1 0.1921875000000001 0.6890625 0.08750000000000009 0.6890625 0.08750000000000009 0.775 0.1921875000000001 0.775