2 0.3140625000000001 0.4890625 0.2375000000000001 0.4890625 0.2375000000000001 0.5203125 0.3140625000000001 0.5203125
2 0.4984375 0.5859375 0.434375 0.5859375 0.434375 0.6203125 0.4984375 0.6203125
3 0.3062500000000001 0.3984375 0.2515625000000001 0.3984375 0.2515625000000001 0.471875 0.3062500000000001 0.471875
3 0.4921875 0.49375 0.440625 0.49375 0.440625 0.5734375 0.4921875 0.5734375
0 0.3421875000000001 0.371875 0.3031250000000001 0.371875 0.3031250000000001 0.3984375 0.3421875000000001 0.3984375
0 0.521875 0.484375 0.490625 0.484375 0.490625 0.5046875 0.521875 0.5046875
0 0.4453125 0.48125 0.415625 0.48125 0.415625 0.5015625 0.4453125 0.5015625
0 0.2593750000000001 0.3875 0.2078125000000001 0.3875 0.2078125000000001 0.403125 0.2593750000000001 0.403125
0 0.5234375 0.4796875 0.4125 0.4796875 0.4125 0.50625 0.5234375 0.50625
0 0.3437500000000001 0.36875 0.20468750000000008 0.36875 0.20468750000000008 0.403125 0.3437500000000001 0.403125
1 0.35781250000000003 0.2609375 0.18593750000000003 0.2609375 0.18593750000000006 0.5703125 0.3578125000000001 0.5703125
1 0.5421875 0.440625 0.3906250000000001 0.440625 0.3906250000000001 0.6625 0.5421875 0.6625