1 0.6703125 0.10937500000000007 0.3875 0.10937500000000004 0.38750000000000007 0.39531250000000007 0.6703125 0.39531250000000007
1 0.5796875000000001 0.6421875 0.36406250000000007 0.6421875 0.36406250000000007 0.8640625 0.5796875000000001 0.8640625
2 0.4640625 0.19687500000000005 0.434375 0.19687500000000005 0.434375 0.3187500000000001 0.4640625 0.3187500000000001
2 0.4375000000000001 0.6703125 0.4125 0.6703125 0.4125000000000001 0.7390625 0.43750000000000017 0.7390625
3 0.5671875 0.2218750000000001 0.4796875 0.2218750000000001 0.4796875 0.3218750000000001 0.5671875 0.3218750000000001
3 0.5062500000000001 0.675 0.446875 0.675 0.4468750000000001 0.734375 0.5062500000000002 0.734375
0 0.575 0.3234375000000001 0.546875 0.3234375000000001 0.546875 0.3703125000000001 0.575 0.3703125000000001
0 0.5859375 0.1468750000000001 0.5578125 0.1468750000000001 0.5578125 0.2375000000000001 0.5859375 0.2375000000000001
0 0.5125000000000002 0.7421875 0.4937500000000002 0.7421875 0.4937500000000002 0.7703125 0.5125000000000002 0.7703125
0 0.5875 0.1437500000000001 0.546875 0.1437500000000001 0.546875 0.37187500000000007 0.5875 0.37187500000000007
0 0.5078125 0.6609375 0.4890625 0.6609375 0.4890625 0.6875 0.5078125 0.6875
0 0.5125000000000001 0.6609375 0.4890625 0.6609375 0.48906250000000007 0.7734375 0.5125000000000002 0.7734375