1 0.6718750000000002 0.7328125 0.5500000000000002 0.7328125 0.5500000000000002 0.8828125 0.6718750000000002 0.8828125
2 0.940625 0.3453125000000001 0.921875 0.3453125000000001 0.921875 0.4109375000000002 0.940625 0.4109375000000002
2 0.65625 0.30937500000000007 0.6390625 0.30937500000000007 0.6390625 0.35625000000000007 0.65625 0.35625000000000007
2 0.840625 0.8390625 0.828125 0.8390625 0.828125 0.9015625 0.840625 0.9015625
2 0.9140625 0.10156250000000011 0.8921875 0.10156250000000008 0.8921875 0.1828125000000001 0.9140625 0.18281250000000013
2 0.2593750000000001 0.5796875 0.24375000000000008 0.5796875 0.24375000000000008 0.6359375 0.2593750000000001 0.6359375
2 0.4828125000000001 0.6671875 0.4671875 0.6671875 0.4671875000000001 0.7484375 0.4828125000000002 0.7484375
2 0.4171875 0.17968750000000006 0.4 0.17968750000000006 0.4 0.2515625000000001 0.4171875 0.2515625000000001
2 0.8265625 0.6281250000000002 0.8078125 0.6281250000000002 0.8078125 0.7031250000000002 0.8265625 0.7031250000000002
2 0.659375 0.5453125 0.6375 0.5453125 0.6375 0.5984375 0.659375 0.5984375
2 0.46406250000000016 0.865625 0.4468750000000002 0.865625 0.4468750000000002 0.934375 0.46406250000000016 0.934375
2 0.4171875 0.3609375000000001 0.403125 0.3609375000000001 0.403125 0.4234375 0.4171875 0.4234375
2 0.6515625 0.08906250000000009 0.6359375 0.08906250000000009 0.6359375 0.1453125000000001 0.6515625 0.1453125000000001
2 0.2390625 0.11875000000000005 0.2234375 0.11875000000000005 0.2234375 0.17500000000000004 0.2390625 0.17500000000000004
2 0.2359375 0.290625 0.2203125 0.290625 0.2203125 0.33125 0.2359375 0.33125
2 0.6468750000000002 0.78125 0.6296875000000002 0.78125 0.6296875000000002 0.83125 0.6468750000000002 0.83125
2 0.25468750000000007 0.79375 0.2390625000000001 0.79375 0.2390625000000001 0.8453125 0.25468750000000007 0.8453125
3 0.39531250000000007 0.36406250000000007 0.3609375000000001 0.3640625 0.3609375000000001 0.4109375 0.39531250000000007 0.4109375
3 0.4593750000000001 0.6859375 0.4171875 0.6859375 0.4171875000000001 0.7421875 0.4593750000000002 0.7421875
3 0.4390625000000002 0.8671875 0.40156250000000016 0.8671875 0.40156250000000016 0.9171875 0.4390625000000002 0.9171875
3 0.23593750000000008 0.6015625 0.2015625000000001 0.6015625 0.2015625000000001 0.6390625 0.23593750000000008 0.6390625
3 0.9140625 0.3515625000000001 0.8734375 0.3515625000000001 0.8734375 0.4046875000000002 0.9140625 0.4046875000000002
3 0.2140625 0.12812500000000002 0.1765625 0.128125 0.1765625 0.17187500000000003 0.2140625 0.17187500000000006
3 0.215625 0.2859375 0.18593750000000003 0.2859375 0.18593750000000003 0.3203125 0.215625 0.3203125
3 0.6328125 0.3078125000000001 0.5984375 0.3078125000000001 0.5984375 0.3421875000000001 0.6328125 0.3421875000000001
3 0.39375 0.20000000000000004 0.353125 0.2 0.353125 0.25000000000000006 0.39375 0.2500000000000001
3 0.803125 0.6531250000000002 0.759375 0.6531250000000002 0.759375 0.7031250000000002 0.803125 0.7031250000000002
3 0.884375 0.1281250000000001 0.8375 0.1281250000000001 0.8375 0.1843750000000001 0.884375 0.1843750000000001
3 0.81875 0.8484375 0.7843750000000002 0.8484375 0.7843750000000002 0.8953125 0.81875 0.8953125
3 0.23593750000000008 0.790625 0.20468750000000008 0.790625 0.20468750000000008 0.8265625 0.23593750000000008 0.8265625
3 0.628125 0.10937500000000008 0.596875 0.10937500000000008 0.596875 0.1468750000000001 0.628125 0.1468750000000001
3 0.6375 0.575 0.6 0.575 0.6 0.615625 0.6375 0.615625
0 0.4078125000000002 0.828125 0.39531250000000007 0.828125 0.39531250000000007 0.8625 0.4078125000000002 0.8625
0 0.8453125 0.1843750000000001 0.8328125 0.1843750000000001 0.8328125 0.2218750000000001 0.8453125 0.2218750000000001
0 0.2156250000000001 0.7578125 0.20312500000000008 0.7578125 0.20312500000000008 0.7859375 0.2156250000000001 0.7859375
0 0.3625000000000001 0.40625 0.3500000000000001 0.40625 0.3500000000000001 0.440625 0.3625000000000001 0.440625
0 0.4031250000000002 0.9078125 0.3906250000000001 0.9078125 0.3906250000000001 0.9453125 0.4031250000000002 0.9453125
0 0.36562500000000003 0.3296875 0.353125 0.3296875 0.353125 0.36406250000000007 0.3656250000000001 0.36406250000000007
0 0.8765625 0.3203125000000001 0.8625 0.3203125000000001 0.8625 0.3546875000000001 0.8765625 0.3546875000000001
0 0.41875 0.6421875 0.40625 0.6421875 0.40625 0.6859375 0.41875 0.6859375
0 0.88125 0.4000000000000002 0.8671875 0.4000000000000002 0.8671875 0.44062500000000016 0.88125 0.44062500000000016
0 0.2171875000000001 0.6484375 0.20468750000000008 0.6484375 0.20468750000000008 0.6796875 0.2171875000000001 0.6796875
0 0.8359375 0.0875000000000001 0.8203125 0.0875000000000001 0.8203125 0.13437500000000008 0.8359375 0.13437500000000008
0 0.7890625000000002 0.815625 0.7765625000000002 0.815625 0.7765625000000002 0.85 0.7890625000000002 0.85
0 0.759375 0.6125000000000002 0.746875 0.6125000000000002 0.746875 0.6562500000000002 0.759375 0.6562500000000002
0 0.2062500000000001 0.8203125 0.1937500000000001 0.8203125 0.1937500000000001 0.8515625 0.2062500000000001 0.8515625
0 0.7890625000000002 0.8921875 0.7765625000000002 0.8921875 0.7765625000000002 0.9234375 0.7890625000000002 0.9234375
0 0.6078125 0.1546875000000001 0.596875 0.1546875000000001 0.596875 0.1859375000000001 0.6078125 0.1859375000000001
0 0.6 0.3421875000000001 0.5890625 0.3421875000000001 0.5890625 0.3703125000000001 0.6 0.3703125000000001
0 0.76875 0.7015625000000002 0.75625 0.7015625000000002 0.7562500000000001 0.7390625000000002 0.7687500000000002 0.7390625000000002
0 0.4203125000000002 0.734375 0.4078125000000002 0.734375 0.4078125000000002 0.775 0.4203125000000002 0.775
0 0.1828125 0.09375000000000003 0.1703125 0.09375000000000003 0.1703125 0.12812500000000002 0.1828125 0.12812500000000004
0 0.19843750000000004 0.259375 0.18593750000000003 0.259375 0.18593750000000003 0.284375 0.19843750000000004 0.284375
0 0.18437500000000004 0.3140625 0.17343750000000005 0.3140625 0.17343750000000005 0.3421875 0.18437500000000004 0.3421875
0 0.596875 0.5609375 0.58125 0.5609375 0.58125 0.5921875 0.596875 0.5921875
0 0.184375 0.17187500000000003 0.175 0.171875 0.17500000000000002 0.203125 0.18437500000000004 0.203125
0 0.6234375 0.628125 0.6078125 0.628125 0.6078125 0.65625 0.6234375 0.65625
0 0.609375 0.2843750000000001 0.596875 0.2843750000000001 0.596875 0.30937500000000007 0.609375 0.30937500000000007
0 0.359375 0.24375 0.3484375 0.24375 0.3484375 0.278125 0.359375 0.278125
0 0.2000000000000001 0.575 0.18750000000000008 0.575 0.18750000000000008 0.60625 0.2000000000000001 0.60625
0 0.353125 0.16250000000000003 0.340625 0.16250000000000003 0.340625 0.2 0.353125 0.2
0 0.59375 0.08281250000000007 0.58125 0.08281250000000007 0.58125 0.1140625000000001 0.59375 0.1140625000000001
0 0.6000000000000002 0.796875 0.5875000000000001 0.796875 0.5875000000000001 0.828125 0.6000000000000002 0.828125
0 0.7671875000000001 0.6078125000000002 0.7453125 0.6078125000000002 0.7453125 0.7421875000000002 0.7671875000000001 0.7421875000000002
0 0.4203125000000001 0.6390625 0.4046875 0.6390625 0.4046875000000001 0.7796875 0.4203125000000002 0.7796875
0 0.846875 0.08125000000000011 0.8203125 0.08125000000000011 0.8203125 0.2250000000000001 0.846875 0.2250000000000001
0 0.2171875000000001 0.7546875 0.1921875000000001 0.7546875 0.1921875000000001 0.8546875 0.2171875000000001 0.8546875
0 0.7890625000000002 0.8140625 0.7734375000000002 0.8140625 0.7734375000000002 0.9265625 0.7890625000000002 0.9265625
0 0.6203125000000002 0.7421875 0.6078125000000002 0.7421875 0.6078125000000002 0.7703125 0.6203125000000002 0.7703125
0 0.88125 0.31718750000000007 0.8625 0.31718750000000007 0.8625 0.4421875000000002 0.88125 0.4421875000000002
0 0.359375 0.15156250000000004 0.340625 0.15156250000000004 0.340625 0.2828125 0.359375 0.2828125
0 0.18593750000000003 0.09218750000000002 0.1703125 0.09218750000000002 0.17031250000000003 0.2046875 0.18593750000000003 0.2046875
0 0.6218750000000002 0.740625 0.5875000000000001 0.740625 0.5875000000000001 0.828125 0.6218750000000002 0.828125
1 0.2625 0.05625000000000002 0.125 0.05625000000000002 0.12500000000000003 0.225 0.2625 0.225
1 0.5125000000000001 0.596875 0.3500000000000001 0.596875 0.3500000000000001 0.79375 0.5125000000000002 0.79375
1 0.940625 0.0546875000000001 0.76875 0.05468750000000009 0.76875 0.2390625000000001 0.940625 0.2390625000000001
1 0.85 0.5546875000000001 0.696875 0.5546875 0.6968750000000001 0.7515625000000001 0.85 0.7515625000000001
1 0.446875 0.09531250000000005 0.290625 0.09531250000000005 0.290625 0.28906250000000006 0.446875 0.2890625000000001
1 0.2734375000000001 0.7515625 0.15000000000000008 0.7515625 0.15000000000000008 0.8953125 0.2734375000000001 0.8953125
1 0.6828125 0.521875 0.5484375 0.521875 0.5484375 0.68125 0.6828125 0.68125
1 0.4421875 0.31718750000000007 0.2984375 0.3171875 0.2984375 0.4796875 0.4421875 0.4796875
1 0.9671875 0.3031250000000001 0.8046875 0.3031250000000001 0.8046875 0.46875000000000017 0.9671875 0.46875000000000017
1 0.6796875 0.05156250000000008 0.5484375 0.05156250000000007 0.5484375 0.2015625000000001 0.6796875 0.2015625000000001
1 0.4859375000000002 0.8109375 0.3343750000000001 0.8109375 0.3343750000000001 0.9546875 0.4859375000000002 0.9546875
1 0.678125 0.27812500000000007 0.546875 0.27812500000000007 0.546875 0.403125 0.678125 0.403125
1 0.25468750000000007 0.2515625 0.12968750000000004 0.2515625 0.12968750000000004 0.3984375 0.25468750000000007 0.3984375
1 0.2890625000000001 0.5234375 0.14843750000000006 0.5234375 0.14843750000000006 0.6984375 0.2890625000000001 0.6984375
1 0.8546875 0.7890625000000001 0.7234375000000002 0.7890625 0.7234375000000002 0.9421875 0.8546875 0.9421875
0 0.2171875000000001 0.575 0.18906250000000008 0.575 0.18906250000000008 0.68125 0.2171875000000001 0.68125
0 0.19843750000000004 0.2578125 0.17343750000000005 0.2578125 0.17343750000000005 0.3421875 0.19843750000000004 0.3421875
0 0.36562500000000003 0.33125000000000004 0.3484375 0.33125 0.34843750000000007 0.440625 0.3656250000000001 0.440625
0 0.40625000000000017 0.828125 0.3906250000000001 0.828125 0.3906250000000001 0.94375 0.40625000000000017 0.94375
0 0.6234375 0.5609375 0.58125 0.5609375 0.58125 0.6546875 0.6234375 0.6546875
0 0.609375 0.2843750000000001 0.5875 0.2843750000000001 0.5875 0.37187500000000007 0.609375 0.37187500000000007
0 0.60625 0.08437500000000006 0.58125 0.08437500000000006 0.58125 0.1859375000000001 0.60625 0.1859375000000001