2 0.6390625 0.2171875000000001 0.60625 0.2171875000000001 0.60625 0.2296875000000001 0.6390625 0.2296875000000001
2 0.6062500000000002 0.803125 0.5750000000000002 0.803125 0.5750000000000002 0.815625 0.6062500000000002 0.815625
2 0.17812500000000003 0.2125 0.14375000000000004 0.2125 0.14375000000000004 0.221875 0.17812500000000003 0.221875
2 0.3375 0.2203125 0.3109375 0.2203125 0.3109375 0.2296875 0.3375 0.2296875
2 0.80625 0.2093750000000001 0.778125 0.2093750000000001 0.778125 0.22031250000000008 0.80625 0.22031250000000008
2 0.7828125 0.5125000000000002 0.753125 0.5125000000000002 0.753125 0.5218750000000002 0.7828125 0.5218750000000002
2 0.625 0.5015625 0.59375 0.5015625 0.59375 0.5109375 0.625 0.5109375
2 0.7109375 0.709375 0.6828125 0.709375 0.6828125 0.71875 0.7109375 0.71875
2 0.18906250000000008 0.54375 0.15781250000000005 0.54375 0.15781250000000008 0.5515625 0.18906250000000008 0.5515625
2 0.1625000000000001 0.815625 0.1296875000000001 0.815625 0.1296875000000001 0.825 0.1625000000000001 0.825
2 0.7828125000000001 0.825 0.7609375000000002 0.825 0.7609375000000002 0.834375 0.7828125000000001 0.834375
2 0.3390625000000001 0.5421875 0.3109375000000001 0.5421875 0.3109375000000001 0.5515625 0.3390625000000001 0.5515625
2 0.2531250000000001 0.4546875 0.23437500000000008 0.4546875 0.23437500000000008 0.4640625 0.2531250000000001 0.4640625
2 0.703125 0.1515625000000001 0.684375 0.1515625000000001 0.684375 0.1609375000000001 0.703125 0.1609375000000001
2 0.2687500000000001 0.7296875 0.24218750000000008 0.7296875 0.24218750000000008 0.7390625 0.2687500000000001 0.7390625
2 0.225 0.15000000000000005 0.2078125 0.15000000000000005 0.2078125 0.15937500000000004 0.225 0.15937500000000004
2 0.6921875 0.421875 0.671875 0.421875 0.671875 0.43125 0.6921875 0.43125
3 0.7843750000000002 0.8 0.7609375000000002 0.8 0.7609375000000002 0.821875 0.7843750000000002 0.821875
3 0.6921875 0.4046875 0.6734375 0.4046875 0.6734375 0.41875 0.6921875 0.41875
3 0.17031250000000003 0.1953125 0.14531250000000004 0.1953125 0.14531250000000004 0.2109375 0.17031250000000003 0.2109375
3 0.3281250000000001 0.825 0.3031250000000001 0.825 0.3031250000000001 0.84375 0.3281250000000001 0.84375
3 0.7078125 0.6890625 0.6859375 0.6890625 0.6859375 0.7078125 0.7078125 0.7078125
3 0.6078125000000002 0.7828125 0.5828125000000002 0.7828125 0.5828125000000002 0.8 0.6078125000000002 0.8
3 0.775 0.49218750000000017 0.753125 0.49218750000000017 0.753125 0.5109375000000002 0.775 0.5109375000000002
3 0.2484375000000001 0.4375 0.22812500000000008 0.4375 0.22812500000000008 0.453125 0.2484375000000001 0.453125
3 0.8 0.18906250000000008 0.778125 0.18906250000000008 0.778125 0.2078125000000001 0.8 0.2078125000000001
3 0.18437500000000004 0.5234375 0.15937500000000004 0.5234375 0.15937500000000004 0.5421875 0.18437500000000004 0.5421875
3 0.61875 0.484375 0.596875 0.484375 0.596875 0.5 0.61875 0.5
3 0.6328125 0.19531250000000008 0.609375 0.19531250000000008 0.609375 0.2140625000000001 0.6328125 0.2140625000000001
3 0.228125 0.12968750000000004 0.209375 0.12968750000000004 0.209375 0.14687500000000003 0.228125 0.14687500000000003
3 0.1609375000000001 0.796875 0.1359375000000001 0.796875 0.1359375000000001 0.8140625 0.1609375000000001 0.8140625
3 0.3359375 0.2 0.3109375 0.2 0.3109375 0.21875 0.3359375 0.21875
3 0.7015625 0.1296875000000001 0.6796875 0.1296875000000001 0.6796875 0.14843750000000008 0.7015625 0.14843750000000008
3 0.2687500000000001 0.7125 0.2468750000000001 0.7125 0.2468750000000001 0.73125 0.2687500000000001 0.73125
3 0.3359375000000001 0.521875 0.3125000000000001 0.521875 0.3125000000000001 0.540625 0.3359375000000001 0.540625
0 0.18125000000000005 0.1875 0.16406250000000006 0.1875 0.16406250000000006 0.1953125 0.18125000000000005 0.1953125
0 0.14375000000000004 0.190625 0.12656250000000005 0.190625 0.12656250000000005 0.1984375 0.14375000000000004 0.1984375
0 0.609375 0.1906250000000001 0.5921875 0.1906250000000001 0.5921875 0.1984375000000001 0.609375 0.1984375000000001
0 0.6484375 0.1921875000000001 0.6328125 0.1921875000000001 0.6328125 0.1984375000000001 0.6484375 0.1984375000000001
0 0.15937500000000004 0.51875 0.14375000000000004 0.51875 0.14375000000000004 0.5265625 0.15937500000000004 0.5265625
0 0.1781250000000001 0.790625 0.1593750000000001 0.790625 0.1593750000000001 0.7984375 0.1781250000000001 0.7984375
0 0.346875 0.19531250000000006 0.33125 0.19531250000000006 0.33125 0.2015625 0.346875 0.2015625
0 0.784375 0.48437500000000017 0.76875 0.48437500000000017 0.76875 0.4906250000000002 0.784375 0.4906250000000002
0 0.1375000000000001 0.790625 0.11875000000000009 0.790625 0.11875000000000009 0.7984375 0.1375000000000001 0.7984375
0 0.5921875 0.4796875 0.5765625 0.4796875 0.5765625 0.4875 0.5921875 0.4875
0 0.3109375000000001 0.51875 0.2953125000000001 0.51875 0.2953125000000001 0.525 0.3109375000000001 0.525
0 0.8125 0.1843750000000001 0.7984375 0.1843750000000001 0.7984375 0.1906250000000001 0.8125 0.1906250000000001
0 0.7765625 0.1859375000000001 0.7625 0.1859375000000001 0.7625 0.1921875000000001 0.7765625 0.1921875000000001
0 0.5875000000000001 0.775 0.5703125000000002 0.775 0.5703125000000002 0.784375 0.5875000000000001 0.784375
0 0.690625 0.6859375 0.6765625 0.6859375 0.6765625 0.6921875 0.690625 0.6921875
0 0.7234375 0.6859375 0.7078125 0.6859375 0.7078125 0.6921875 0.7234375 0.6921875
0 0.19843750000000004 0.51875 0.18281250000000004 0.51875 0.18281250000000004 0.525 0.19843750000000004 0.525
0 0.7109375 0.1281250000000001 0.6953125 0.1281250000000001 0.6953125 0.13437500000000008 0.7109375 0.13437500000000008
0 0.3109375 0.19687500000000005 0.2984375 0.19687500000000005 0.2984375 0.203125 0.3109375 0.203125
0 0.6734375 0.4 0.6609375 0.4 0.6609375 0.40625 0.6734375 0.40625
0 0.3000000000000001 0.8234375 0.2843750000000001 0.8234375 0.2843750000000001 0.83125 0.3000000000000001 0.83125
0 0.6296875 0.4765625 0.6140625 0.4765625 0.6140625 0.4828125 0.6296875 0.4828125
0 0.24375 0.12812500000000004 0.228125 0.12812500000000004 0.228125 0.13437500000000005 0.24375 0.13437500000000005
0 0.2796875000000001 0.709375 0.2671875000000001 0.709375 0.2671875000000001 0.715625 0.2796875000000001 0.715625
0 0.7484375 0.4906250000000002 0.734375 0.4906250000000002 0.734375 0.4968750000000002 0.7484375 0.4968750000000002
0 0.3453125000000001 0.5171875 0.3312500000000001 0.5171875 0.3312500000000001 0.5234375 0.3453125000000001 0.5234375
0 0.2500000000000001 0.7078125 0.23437500000000008 0.7078125 0.23437500000000008 0.715625 0.2500000000000001 0.715625
0 0.2125 0.12812500000000004 0.2 0.12812500000000004 0.2 0.13437500000000005 0.2125 0.13437500000000005
0 0.25468750000000007 0.4296875 0.24218750000000008 0.4296875 0.24218750000000008 0.4359375 0.25468750000000007 0.4359375
0 0.7015625 0.3968750000000001 0.6890625 0.3968750000000001 0.6890625 0.403125 0.7015625 0.403125
0 0.22656250000000008 0.4359375 0.21250000000000008 0.4359375 0.21250000000000008 0.4421875 0.22656250000000008 0.4421875
0 0.3265625000000001 0.815625 0.3140625000000001 0.815625 0.3140625000000001 0.825 0.3265625000000001 0.825
0 0.7625000000000002 0.7968750000000002 0.7468750000000002 0.7968750000000002 0.7468750000000002 0.803125 0.7625000000000002 0.803125
0 0.68125 0.1312500000000001 0.66875 0.1312500000000001 0.66875 0.1375000000000001 0.68125 0.1375000000000001
0 0.18281250000000004 0.18750000000000003 0.12343750000000005 0.1875 0.12343750000000005 0.2 0.18281250000000004 0.2
0 0.6828125 0.3578125000000001 0.66875 0.3578125000000001 0.66875 0.3656250000000001 0.6828125 0.3656250000000001
1 0.19062500000000002 0.17031250000000003 0.115625 0.1703125 0.11562500000000002 0.2296875 0.19062500000000004 0.2296875
1 0.7406250000000001 0.6734375000000001 0.671875 0.6734375 0.6718750000000001 0.7281250000000001 0.7406250000000002 0.7281250000000001
1 0.265625 0.10781250000000005 0.196875 0.10781250000000005 0.196875 0.16406250000000006 0.265625 0.16406250000000006
1 0.3625 0.17812500000000003 0.2890625 0.17812500000000003 0.2890625 0.2375 0.3625 0.2375
1 0.65625 0.1750000000000001 0.584375 0.1750000000000001 0.584375 0.2375000000000001 0.65625 0.2375000000000001
1 0.2843750000000001 0.4125 0.2093750000000001 0.4125 0.2093750000000001 0.465625 0.2843750000000001 0.465625
1 0.6296875000000002 0.7546875 0.5578125000000002 0.7546875 0.5578125000000002 0.8234375 0.6296875000000002 0.8234375
1 0.17968750000000008 0.7703125 0.10781250000000009 0.7703125 0.10781250000000009 0.8359375 0.17968750000000008 0.8359375
1 0.2093750000000001 0.5046875 0.13437500000000005 0.5046875 0.13437500000000008 0.5609375 0.2093750000000001 0.5609375
1 0.640625 0.459375 0.56875 0.459375 0.56875 0.5171875 0.640625 0.5171875
1 0.7984375 0.4703125000000002 0.7265625 0.4703125000000002 0.7265625 0.5281250000000002 0.7984375 0.5281250000000002
1 0.8328125 0.1671875000000001 0.7578125 0.1671875000000001 0.7578125 0.22812500000000008 0.8328125 0.22812500000000008
1 0.2843750000000001 0.690625 0.2171875000000001 0.690625 0.2171875000000001 0.746875 0.2843750000000001 0.746875
1 0.728125 0.37968750000000007 0.6625 0.37968750000000007 0.6625 0.4328125000000001 0.728125 0.43281250000000016
1 0.3437500000000001 0.79375 0.27812500000000007 0.79375 0.27812500000000007 0.8546875 0.3437500000000001 0.8546875
1 0.8328125 0.7671875000000001 0.7453125000000002 0.7671875000000001 0.7453125000000002 0.8453125 0.8328125 0.8453125
1 0.3531250000000001 0.50625 0.2812500000000001 0.50625 0.2812500000000001 0.559375 0.3531250000000001 0.559375
1 0.7375 0.10781250000000009 0.665625 0.10781250000000009 0.665625 0.1671875000000001 0.7375 0.1671875000000001