2 0.4390625 0.2328125000000001 0.3734375 0.2328125000000001 0.3734375 0.3218750000000001 0.4390625 0.3218750000000001
2 0.5734375000000002 0.75 0.5078125000000002 0.75 0.5078125000000002 0.89375 0.5734375000000002 0.89375
3 0.5000000000000002 0.74375 0.3578125000000001 0.74375 0.3578125000000001 0.84375 0.5000000000000002 0.84375
3 0.378125 0.259375 0.265625 0.259375 0.265625 0.33437500000000003 0.378125 0.3343750000000001
0 0.4093750000000001 0.665625 0.35625000000000007 0.665625 0.35625000000000007 0.728125 0.40937500000000016 0.728125
0 0.3234375000000001 0.8109375 0.2500000000000001 0.8109375 0.2500000000000001 0.8953125 0.3234375000000001 0.8953125
0 0.2578125 0.2328125 0.2203125 0.2328125 0.2203125 0.2859375 0.2578125 0.2859375
0 0.31875000000000003 0.3453125 0.28125 0.3453125 0.28125000000000006 0.3890625 0.3187500000000001 0.3890625
0 0.31875000000000003 0.23125 0.21875 0.23125 0.21875000000000006 0.390625 0.3187500000000001 0.390625
0 0.4125000000000001 0.6640625 0.2500000000000001 0.6640625 0.2500000000000001 0.896875 0.4125000000000002 0.896875
1 0.6937500000000001 0.6265625 0.08281250000000007 0.6265625 0.0828125000000001 1 0.6937500000000002 1
1 0.5203125 0.16250000000000003 0.1515625 0.1625 0.15156250000000002 0.4125 0.5203125 0.4125