1 0.8328125 0.1781250000000001 0.5640625 0.1781250000000001 0.5640625 0.6343750000000001 0.8328125 0.6343750000000001
2 0.1781250000000001 0.609375 0.11875000000000009 0.609375 0.11875000000000009 0.646875 0.1781250000000001 0.646875
2 0.6921875 0.490625 0.6234375 0.490625 0.6234375 0.546875 0.6921875 0.546875
3 0.6796875 0.3421875000000001 0.615625 0.3421875000000001 0.615625 0.459375 0.6796875 0.459375
3 0.16875000000000007 0.540625 0.12187500000000004 0.540625 0.12187500000000007 0.6046875 0.1687500000000001 0.6046875
0 0.6171875 0.3593750000000001 0.5765625 0.3593750000000001 0.5765625 0.3937500000000001 0.6171875 0.3937500000000001
0 0.7265625 0.3046875000000001 0.6734375 0.3046875000000001 0.6734375 0.3421875000000001 0.7265625 0.3421875000000001
0 0.12031250000000007 0.5265625 0.08281250000000007 0.5265625 0.08281250000000007 0.5515625 0.12031250000000009 0.5515625
0 0.19375000000000006 0.5234375 0.16250000000000003 0.5234375 0.16250000000000006 0.546875 0.1937500000000001 0.546875
0 0.728125 0.30156250000000007 0.575 0.30156250000000007 0.575 0.3937500000000001 0.728125 0.3937500000000001
0 0.19531250000000006 0.5203125 0.08125000000000007 0.5203125 0.08125000000000007 0.553125 0.19531250000000008 0.553125
1 0.21250000000000008 0.440625 0.06250000000000004 0.440625 0.06250000000000007 0.69375 0.21250000000000008 0.69375