2 0.2843750000000001 0.74375 0.2453125000000001 0.74375 0.2453125000000001 0.8140625 0.2843750000000001 0.8140625
2 0.2984375 0.08125000000000003 0.259375 0.08125000000000002 0.259375 0.17343750000000005 0.2984375 0.17343750000000005
3 0.22812500000000008 0.7515625 0.1531250000000001 0.7515625 0.1531250000000001 0.8046875 0.22812500000000008 0.8046875
3 0.2375 0.09531250000000002 0.128125 0.09531250000000002 0.128125 0.16406250000000003 0.2375 0.16406250000000006
0 0.13125 0.046875000000000014 0.0921875 0.046875000000000014 0.0921875 0.1 0.13125 0.1
0 0.16562500000000008 0.7125 0.1437500000000001 0.7125 0.1437500000000001 0.746875 0.16562500000000008 0.746875
0 0.16718750000000002 0.15625 0.1421875 0.15625 0.14218750000000002 0.203125 0.16718750000000004 0.203125
0 0.14218750000000008 0.7953125 0.12031250000000009 0.7953125 0.12031250000000009 0.8140625 0.14218750000000008 0.8140625
0 0.16875 0.04531250000000002 0.090625 0.04531250000000001 0.09062500000000001 0.2046875 0.16875000000000004 0.2046875
0 0.1671875000000001 0.709375 0.11718750000000008 0.709375 0.11718750000000008 0.815625 0.1671875000000001 0.815625
1 0.3296875000000001 0.671875 0.03281250000000008 0.671875 0.03281250000000009 0.853125 0.3296875000000001 0.853125
1 0.3640625 0.006250000000000022 0.0046875000000000016 0.00625 0.004687500000000014 0.21093750000000006 0.3640625 0.21093750000000008