2 0.3453125 0.35 0.2921875 0.35 0.29218750000000004 0.4109375 0.3453125000000001 0.4109375
2 0.70625 0.2562500000000001 0.65 0.2562500000000001 0.65 0.2906250000000001 0.70625 0.2906250000000001
3 0.69375 0.1843750000000001 0.65 0.1843750000000001 0.65 0.2500000000000001 0.69375 0.2500000000000001
3 0.34375 0.2609375 0.2890625 0.2609375 0.2890625 0.3421875 0.34375 0.3421875
0 0.2875 0.2296875 0.2390625 0.2296875 0.2390625 0.2609375 0.2875 0.2609375
0 0.378125 0.23906250000000004 0.3390625 0.2390625 0.3390625 0.2671875 0.378125 0.2671875000000001
0 0.64375 0.1843750000000001 0.615625 0.1843750000000001 0.615625 0.2062500000000001 0.64375 0.2062500000000001
0 0.709375 0.15625000000000008 0.684375 0.15625000000000008 0.684375 0.17968750000000008 0.709375 0.17968750000000008
0 0.3796875 0.22812500000000005 0.2359375 0.228125 0.2359375 0.26875000000000004 0.3796875 0.2687500000000001
0 0.7109375 0.1531250000000001 0.6125 0.1531250000000001 0.6125 0.2078125000000001 0.7109375 0.2078125000000001
1 0.7515625 0.08750000000000008 0.5984375 0.08750000000000006 0.5984375 0.3375000000000001 0.7515625 0.3375000000000001
1 0.4 0.14375000000000004 0.209375 0.14375000000000004 0.20937500000000003 0.459375 0.4 0.459375