1 0.9984375 0.4312500000000002 0.7484375 0.4312500000000002 0.7484375 0.6921875000000002 0.9984375 0.6921875000000002
2 0.9296875 0.4906250000000002 0.821875 0.4906250000000002 0.821875 0.5156250000000002 0.9296875 0.5156250000000002
2 0.23593750000000008 0.5453125 0.1828125000000001 0.5453125 0.1828125000000001 0.5671875 0.23593750000000008 0.5671875
3 0.2312500000000001 0.578125 0.1703125000000001 0.578125 0.1703125000000001 0.6328125 0.2312500000000001 0.6328125
3 0.915625 0.5328125000000001 0.825 0.5328125000000001 0.825 0.5984375000000002 0.915625 0.5984375000000002
0 0.975 0.6078125000000002 0.9078125 0.6078125000000002 0.9078125 0.6328125000000002 0.975 0.6328125000000002
0 0.17187500000000008 0.6265625 0.12031250000000009 0.6265625 0.12031250000000009 0.6421875 0.17187500000000008 0.6421875
0 0.2515625000000001 0.6296875 0.2171875000000001 0.6296875 0.2171875000000001 0.6453125 0.2515625000000001 0.6453125
0 0.8203125 0.5859375000000002 0.7703125 0.5859375000000002 0.7703125 0.6015625000000002 0.8203125 0.6015625000000002
0 0.25468750000000007 0.6265625 0.11718750000000008 0.6265625 0.11718750000000008 0.6453125 0.25468750000000007 0.6453125
1 0.2734375000000001 0.509375 0.06406250000000006 0.509375 0.06406250000000008 0.7328125 0.2734375000000001 0.7328125
0 0.9734375 0.5875000000000001 0.7703125 0.5875000000000001 0.7703125 0.6343750000000001 0.9734375 0.6343750000000001