2 0.2531250000000001 0.5015625 0.16250000000000003 0.5015625 0.16250000000000003 0.5421875 0.2531250000000001 0.5421875
2 0.7890625 0.5218750000000001 0.7140625 0.521875 0.7140625 0.5562500000000001 0.7890625 0.5562500000000001
3 0.2390625000000001 0.378125 0.17187500000000006 0.378125 0.17187500000000006 0.48125 0.2390625000000001 0.48125
3 0.78125 0.4343750000000002 0.73125 0.4343750000000002 0.73125 0.5078125000000002 0.78125 0.5078125000000002
0 0.2828125 0.3609375 0.2328125 0.3609375 0.23281250000000003 0.3921875 0.2828125000000001 0.3921875
0 0.17343750000000005 0.3609375 0.12031250000000004 0.3609375 0.12031250000000004 0.39375 0.17343750000000005 0.39375
0 0.8171875 0.42968750000000017 0.7796875 0.42968750000000017 0.7796875 0.4468750000000002 0.8171875 0.4468750000000002
0 0.73125 0.4234375000000001 0.6890625 0.4234375 0.6890625 0.4437500000000001 0.73125 0.4437500000000002
0 0.28437500000000004 0.3578125 0.11875000000000005 0.3578125 0.11875000000000005 0.3953125 0.2843750000000001 0.3953125
1 0.83125 0.2968750000000001 0.646875 0.2968750000000001 0.646875 0.6000000000000001 0.83125 0.6000000000000002
1 0.30937500000000007 0.2328125 0.10000000000000005 0.2328125 0.10000000000000006 0.59375 0.30937500000000007 0.59375