2 0.78125 0.5734375 0.69375 0.5734375 0.69375 0.6171875000000001 0.78125 0.6171875000000002
2 0.3296875000000001 0.5765625 0.24218750000000008 0.5765625 0.24218750000000008 0.603125 0.3296875000000001 0.603125
3 0.3140625000000001 0.621875 0.25468750000000007 0.621875 0.25468750000000007 0.6625 0.3140625000000001 0.6625
3 0.7796875000000001 0.6406250000000001 0.715625 0.640625 0.7156250000000001 0.7312500000000001 0.7796875000000002 0.7312500000000002
0 0.7296875000000002 0.7437500000000001 0.6796875000000002 0.74375 0.6796875000000002 0.7718750000000001 0.7296875000000002 0.7718750000000002
0 0.2515625000000001 0.696875 0.20468750000000008 0.696875 0.20468750000000008 0.725 0.2515625000000001 0.725
0 0.3437500000000001 0.6984375 0.30156250000000007 0.6984375 0.30156250000000007 0.725 0.3437500000000001 0.725
0 0.85 0.7265625000000002 0.7906250000000001 0.7265625000000002 0.7906250000000001 0.7515625000000001 0.85 0.7515625000000001
0 0.853125 0.7250000000000001 0.678125 0.725 0.6781250000000001 0.7750000000000001 0.853125 0.7750000000000001
1 0.8875 0.5062500000000001 0.640625 0.50625 0.6406250000000001 0.915625 0.8875 0.915625
1 0.3687500000000001 0.5265625 0.17500000000000004 0.5265625 0.17500000000000007 0.7703125 0.3687500000000001 0.7703125
0 0.3500000000000001 0.6921875 0.1984375000000001 0.6921875 0.1984375000000001 0.7328125 0.3500000000000001 0.7328125