1 0.6546875000000001 0.528125 0.4390625 0.528125 0.4390625000000001 0.765625 0.6546875000000002 0.765625
1 0.5796875 0.20468750000000005 0.3609375 0.2046875 0.3609375 0.4203125 0.5796875 0.4203125
2 0.4296875 0.2750000000000001 0.3984375 0.2750000000000001 0.3984375 0.34843750000000007 0.4296875 0.34843750000000007
2 0.5 0.603125 0.465625 0.603125 0.465625 0.6875 0.5 0.6875
3 0.5609375 0.596875 0.5015625 0.596875 0.5015625 0.659375 0.5609375 0.659375
3 0.490625 0.27812500000000007 0.4390625 0.27812500000000007 0.4390625 0.3375000000000001 0.490625 0.3375000000000001
0 0.4953125 0.3343750000000001 0.4828125 0.3343750000000001 0.4828125 0.3859375000000001 0.4953125 0.3859375000000001
0 0.4953125 0.23437500000000008 0.4828125 0.23437500000000008 0.4828125 0.2843750000000001 0.4953125 0.2843750000000001
0 0.571875 0.6453125 0.553125 0.6453125 0.553125 0.6984375 0.571875 0.6984375
0 0.5578125 0.553125 0.5421875 0.553125 0.5421875 0.5953125 0.5578125 0.5953125
0 0.575 0.5515625 0.540625 0.5515625 0.540625 0.7046875 0.575 0.7046875
0 0.496875 0.23437500000000008 0.48125 0.23437500000000008 0.48125 0.3890625000000001 0.496875 0.3890625000000001