2 0.7453125 0.32500000000000007 0.6421875 0.32500000000000007 0.6421875 0.3656250000000001 0.7453125 0.3656250000000001
2 0.3921875 0.19062500000000004 0.3296875 0.19062500000000004 0.3296875 0.22031250000000005 0.3921875 0.22031250000000008
3 0.3765625 0.10312500000000005 0.33125 0.10312500000000005 0.33125 0.18125000000000005 0.3765625 0.18125000000000005
3 0.7296875 0.2062500000000001 0.6578125 0.2062500000000001 0.6578125 0.30937500000000007 0.7296875 0.30937500000000007
0 0.7921875 0.17187500000000008 0.73125 0.17187500000000008 0.73125 0.21250000000000008 0.7921875 0.21250000000000008
0 0.6671875 0.1781250000000001 0.6171875 0.1781250000000001 0.6171875 0.2140625000000001 0.6671875 0.2140625000000001
0 0.325 0.09375000000000004 0.2890625 0.09375000000000004 0.2890625 0.11562500000000005 0.325 0.11562500000000005
0 0.3875 0.08125000000000004 0.365625 0.08125000000000004 0.365625 0.10312500000000005 0.3875 0.10312500000000005
0 0.7953125 0.1687500000000001 0.6140625 0.1687500000000001 0.6140625 0.2156250000000001 0.7953125 0.2156250000000001
0 0.3921875 0.07968750000000005 0.2875 0.07968750000000005 0.2875 0.11718750000000004 0.3921875 0.11718750000000004
1 0.428125 0.0015625000000000426 0.265625 0.0015625000000000326 0.265625 0.275 0.428125 0.2750000000000001
1 0.825 0.026562500000000083 0.5875 0.026562500000000065 0.5875 0.4281250000000001 0.825 0.4281250000000002