2 0.5484375 0.2234375000000001 0.5078125 0.2234375000000001 0.5078125 0.3046875000000001 0.5484375 0.3046875000000001
2 0.3625000000000001 0.8390625 0.33281250000000007 0.8390625 0.33281250000000007 0.878125 0.3625000000000001 0.878125
3 0.6359375 0.2406250000000001 0.5546875 0.2406250000000001 0.5546875 0.2968750000000001 0.6359375 0.2968750000000001
3 0.4078125000000002 0.828125 0.3593750000000001 0.828125 0.3593750000000001 0.865625 0.4078125000000002 0.865625
3 0.571875 0.653125 0.534375 0.653125 0.534375 0.675 0.571875 0.675
0 0.659375 0.20312500000000008 0.6359375 0.20312500000000008 0.6359375 0.2468750000000001 0.659375 0.2468750000000001
0 0.65 0.2890625000000001 0.6296875 0.2890625000000001 0.6296875 0.3265625000000001 0.65 0.3265625000000001
0 0.43281250000000016 0.85 0.41406250000000017 0.85 0.41406250000000017 0.8734375 0.43281250000000016 0.8734375
0 0.40625000000000017 0.7953125 0.38750000000000007 0.7953125 0.38750000000000007 0.8234375 0.40625000000000017 0.8234375
0 0.5703125 0.634375 0.5546875 0.634375 0.5546875 0.65 0.5703125 0.65
0 0.5796875 0.66875 0.5671875 0.66875 0.5671875 0.6828125 0.5796875 0.6828125
0 0.6609375 0.2000000000000001 0.628125 0.2000000000000001 0.628125 0.3281250000000001 0.6609375 0.3281250000000001
0 0.60625 0.428125 0.59375 0.428125 0.59375 0.4375 0.60625 0.4375
1 0.771875 0.16093750000000007 0.4625 0.16093750000000004 0.4625 0.3437500000000001 0.771875 0.3437500000000001
1 0.4515625000000002 0.778125 0.2843750000000001 0.778125 0.2843750000000001 0.8953125 0.4515625000000002 0.8953125
1 0.6125 0.6203125 0.4875 0.6203125 0.4875 0.6921875 0.6125 0.6921875
1 0.634375 0.425 0.509375 0.425 0.509375 0.459375 0.634375 0.459375