2 0.78125 0.3890625000000001 0.6875 0.3890625000000001 0.6875 0.4281250000000001 0.78125 0.4281250000000002
2 0.409375 0.409375 0.3515625000000001 0.409375 0.3515625000000001 0.43125 0.409375 0.43125
3 0.7734375 0.2593750000000001 0.7015625 0.2593750000000001 0.7015625 0.3687500000000001 0.7734375 0.3687500000000001
3 0.3921875 0.31718750000000007 0.3421875 0.3171875 0.34218750000000003 0.39843750000000006 0.3921875000000001 0.3984375000000001
0 0.8296875 0.23593750000000008 0.771875 0.23593750000000008 0.771875 0.27031250000000007 0.8296875 0.27031250000000007
0 0.415625 0.2875000000000001 0.3796875 0.2875000000000001 0.3796875 0.3156250000000001 0.415625 0.3156250000000001
0 0.3421875 0.3109375 0.309375 0.3109375 0.309375 0.3328125 0.3421875 0.3328125
0 0.7125 0.26250000000000007 0.65625 0.26250000000000007 0.65625 0.2812500000000001 0.7125 0.2812500000000001
0 0.4171875 0.28750000000000003 0.3078125 0.2875 0.3078125 0.33437500000000003 0.4171875 0.3343750000000001
0 0.83125 0.23437500000000008 0.6546875 0.23437500000000008 0.6546875 0.2828125000000001 0.83125 0.2828125000000001
1 0.8765625 0.0781250000000001 0.640625 0.07812500000000008 0.640625 0.5000000000000001 0.8765625 0.5000000000000002
1 0.471875 0.17812500000000003 0.3 0.17812500000000003 0.30000000000000004 0.4859375 0.471875 0.4859375