1 0.634375 0.33281250000000007 0.5375 0.33281250000000007 0.5375 0.3937500000000001 0.634375 0.3937500000000001
2 0.65625 0.1984375000000001 0.6375 0.1984375000000001 0.6375 0.2234375000000001 0.65625 0.2234375000000001
2 0.5703125000000002 0.7859375 0.5515625000000002 0.7859375 0.5515625000000002 0.8109375 0.5703125000000002 0.8109375
2 0.5984375 0.6375 0.584375 0.6375 0.584375 0.659375 0.5984375 0.659375
2 0.634375 0.34843750000000007 0.621875 0.34843750000000007 0.621875 0.3703125000000001 0.634375 0.3703125000000001
3 0.5796875 0.634375 0.5515625 0.634375 0.5515625 0.65 0.5796875 0.65
3 0.64375 0.2078125000000001 0.615625 0.2078125000000001 0.615625 0.22812500000000008 0.64375 0.22812500000000008
3 0.615625 0.3531250000000001 0.5875 0.3531250000000001 0.5875 0.37187500000000007 0.615625 0.37187500000000007
3 0.5546875000000002 0.7828125 0.5265625000000002 0.7828125 0.5265625000000002 0.7984375 0.5546875000000002 0.7984375
3 0.6078125 0.4609375 0.5859375 0.4609375 0.5859375 0.4765625 0.6078125 0.4765625
0 0.609375 0.20468750000000008 0.596875 0.20468750000000008 0.596875 0.2171875000000001 0.609375 0.2171875000000001
0 0.5875 0.3421875000000001 0.5765625 0.3421875000000001 0.5765625 0.3546875000000001 0.5875 0.3546875000000001
0 0.59375 0.3734375000000001 0.5828125 0.3734375000000001 0.5828125 0.38750000000000007 0.59375 0.38750000000000007
0 0.5578125 0.625 0.5484375 0.625 0.5484375 0.6375 0.5578125 0.6375
0 0.553125 0.6515625 0.54375 0.6515625 0.54375 0.6640625 0.553125 0.6640625
0 0.5375000000000002 0.76875 0.5281250000000002 0.76875 0.5281250000000002 0.7796875 0.5375000000000002 0.7796875
0 0.6265625 0.23437500000000008 0.6140625 0.23437500000000008 0.6140625 0.2468750000000001 0.6265625 0.2468750000000001
0 0.5250000000000001 0.79375 0.5140625000000002 0.79375 0.5140625000000002 0.80625 0.5250000000000001 0.80625
0 0.584375 0.475 0.575 0.475 0.575 0.490625 0.584375 0.490625
0 0.5953125 0.4453125 0.5828125 0.4453125 0.5828125 0.4609375 0.5953125 0.4609375
0 0.5953125 0.3421875000000001 0.5765625 0.3421875000000001 0.5765625 0.3890625000000001 0.5953125 0.3890625000000001
0 0.628125 0.2015625000000001 0.596875 0.2015625000000001 0.596875 0.2484375000000001 0.628125 0.2484375000000001
1 0.6140625 0.621875 0.503125 0.621875 0.503125 0.68125 0.6140625 0.68125
1 0.6765625 0.18125000000000008 0.5671875 0.18125000000000008 0.5671875 0.2562500000000001 0.6765625 0.2562500000000001
1 0.5890625000000002 0.7609375 0.4859375000000002 0.7609375 0.4859375000000002 0.825 0.5890625000000002 0.825
1 0.6390625 0.440625 0.5453125 0.440625 0.5453125 0.49375 0.6390625 0.49375