2 0.5640625 0.17031250000000006 0.5015625 0.17031250000000003 0.5015625 0.3390625000000001 0.5640625 0.3390625000000001
2 0.6000000000000001 0.696875 0.571875 0.696875 0.5718750000000001 0.8 0.6000000000000002 0.8
3 0.684375 0.19687500000000008 0.584375 0.19687500000000008 0.584375 0.3218750000000001 0.684375 0.3218750000000001
3 0.6859375000000001 0.696875 0.6109375 0.696875 0.6109375000000001 0.7828125 0.6859375000000002 0.7828125
0 0.7171875 0.08437500000000009 0.684375 0.08437500000000009 0.684375 0.19687500000000008 0.7171875 0.19687500000000008
0 0.696875 0.6578125 0.6828125 0.6578125 0.6828125 0.709375 0.696875 0.709375
0 0.7031250000000002 0.7828125 0.6859375000000002 0.7828125 0.6859375000000002 0.8578125 0.7031250000000002 0.8578125
0 0.696875 0.3000000000000001 0.678125 0.3000000000000001 0.678125 0.4109375 0.696875 0.4109375
0 0.7203125 0.07968750000000009 0.678125 0.07968750000000009 0.678125 0.4140625 0.7203125 0.4140625
0 0.7046875000000001 0.65625 0.68125 0.65625 0.6812500000000001 0.859375 0.7046875000000001 0.859375
1 0.8375 0.020312500000000077 0.446875 0.020312500000000056 0.446875 0.4328125000000001 0.8375 0.43281250000000016
1 0.7671875000000001 0.6375000000000001 0.5203125 0.6375 0.5203125000000001 0.921875 0.7671875000000001 0.921875