1 0.3546875000000001 0.3828125 0.2890625000000001 0.3828125 0.2890625000000001 0.4953125 0.3546875000000001 0.4953125
1 0.6671875 0.3468750000000001 0.6046875 0.3468750000000001 0.6046875 0.446875 0.6671875 0.446875
1 0.828125 0.3109375000000001 0.75625 0.3109375000000001 0.75625 0.4187500000000002 0.828125 0.4187500000000002
2 0.3359375000000001 0.4 0.3125000000000001 0.4 0.3125000000000001 0.4140625 0.3359375000000001 0.4140625
2 0.20312500000000008 0.440625 0.17968750000000006 0.440625 0.17968750000000006 0.45625 0.20312500000000008 0.45625
2 0.8125 0.3281250000000001 0.7875 0.3281250000000001 0.7875 0.34843750000000007 0.8125 0.34843750000000007
2 0.528125 0.3765625000000001 0.503125 0.3765625000000001 0.503125 0.3890625000000001 0.528125 0.3890625000000001
2 0.6515625 0.3515625000000001 0.628125 0.3515625000000001 0.628125 0.3671875000000001 0.6515625 0.3671875000000001
3 0.3375000000000001 0.4171875 0.31718750000000007 0.4171875 0.31718750000000007 0.4484375 0.3375000000000001 0.4484375
3 0.5234375 0.3921875000000001 0.5078125 0.3921875000000001 0.5078125 0.4203125 0.5234375 0.4203125
3 0.8015625 0.3468750000000001 0.7828125 0.3468750000000001 0.7828125 0.3750000000000001 0.8015625 0.3750000000000001
3 0.20312500000000008 0.4578125 0.18750000000000006 0.4578125 0.18750000000000006 0.4828125 0.20312500000000008 0.4828125
3 0.6421875 0.37187500000000007 0.6265625 0.37187500000000007 0.6265625 0.403125 0.6421875 0.403125
0 0.65625 0.3984375000000001 0.640625 0.3984375000000001 0.640625 0.4109375 0.65625 0.4109375
0 0.8078125 0.3781250000000001 0.79375 0.3781250000000001 0.79375 0.3906250000000001 0.8078125 0.3906250000000001
0 0.3203125000000001 0.4421875 0.3046875000000001 0.4421875 0.3046875000000001 0.453125 0.3203125000000001 0.453125
0 0.6234375 0.3906250000000001 0.6109375 0.3906250000000001 0.6109375 0.4015625 0.6234375 0.4015625
0 0.18750000000000006 0.484375 0.17500000000000004 0.484375 0.17500000000000004 0.49375 0.18750000000000006 0.49375
0 0.7765625 0.36406250000000007 0.7640625 0.36406250000000007 0.7640625 0.3765625000000001 0.7765625 0.3765625000000001
0 0.34843750000000007 0.440625 0.3359375000000001 0.440625 0.3359375000000001 0.45 0.34843750000000007 0.45
0 0.534375 0.4140625 0.521875 0.4140625 0.521875 0.4234375 0.534375 0.4234375
0 0.5078125 0.415625 0.4953125 0.415625 0.4953125 0.425 0.5078125 0.425
0 0.2156250000000001 0.4765625 0.20468750000000008 0.4765625 0.20468750000000008 0.4859375 0.2156250000000001 0.4859375
0 0.809375 0.3625000000000001 0.7625 0.3625000000000001 0.7625 0.3921875000000001 0.809375 0.3921875000000001
0 0.65625 0.3906250000000001 0.609375 0.3906250000000001 0.609375 0.4125 0.65625 0.4125
0 0.5359375 0.4125 0.4953125 0.4125 0.4953125 0.4265625 0.5359375 0.4265625
1 0.22031250000000008 0.4203125 0.15000000000000005 0.4203125 0.15000000000000005 0.5234375 0.22031250000000008 0.5234375
1 0.54375 0.3593750000000001 0.484375 0.3593750000000001 0.484375 0.459375 0.54375 0.459375