2 0.6515625 0.2921875000000001 0.590625 0.2921875000000001 0.590625 0.3453125000000001 0.6515625 0.3453125000000001
2 0.7453125 0.6500000000000001 0.7109375 0.65 0.7109375 0.70625 0.7453125 0.7062500000000002
3 0.8171875 0.6500000000000001 0.7515625 0.6500000000000001 0.7515625 0.6937500000000002 0.8171875 0.6937500000000002
3 0.7390625 0.2890625000000001 0.6578125 0.2890625000000001 0.6578125 0.3437500000000001 0.7390625 0.3437500000000001
0 0.771875 0.2390625000000001 0.740625 0.2390625000000001 0.740625 0.2875000000000001 0.771875 0.2875000000000001
0 0.7625 0.3390625000000001 0.734375 0.3390625000000001 0.734375 0.3781250000000001 0.7625 0.3781250000000001
0 0.815625 0.6156250000000002 0.79375 0.6156250000000002 0.79375 0.6437500000000002 0.815625 0.6437500000000002
0 0.8453125 0.6843750000000002 0.821875 0.6843750000000002 0.821875 0.7093750000000002 0.8453125 0.7093750000000002
0 0.7734375 0.23593750000000008 0.7328125 0.23593750000000008 0.7328125 0.37968750000000007 0.7734375 0.37968750000000007
0 0.846875 0.6125000000000002 0.7921875 0.6125000000000002 0.7921875 0.7109375000000002 0.846875 0.7109375000000002
1 0.9125 0.5984375000000001 0.6625 0.5984375 0.6625000000000001 0.7515625000000001 0.9125 0.7515625000000001
1 0.8578125 0.2093750000000001 0.5421875 0.2093750000000001 0.5421875 0.4000000000000001 0.8578125 0.4000000000000002