1 0.6078125 0.4203125 0.3968750000000001 0.4203125 0.3968750000000001 0.56875 0.6078125 0.56875
2 0.3218750000000001 0.4796875 0.2593750000000001 0.4796875 0.2593750000000001 0.5015625 0.3218750000000001 0.5015625
2 0.95 0.4312500000000002 0.815625 0.4312500000000002 0.815625 0.46406250000000016 0.95 0.46406250000000016
2 0.7078125 0.27812500000000007 0.6671875 0.27812500000000007 0.6671875 0.3000000000000001 0.7078125 0.3000000000000001
3 0.5546875 0.4828125 0.496875 0.4828125 0.496875 0.53125 0.5546875 0.53125
3 0.9359375 0.3265625000000001 0.8328125 0.3265625000000001 0.8328125 0.4109375000000002 0.9359375 0.4109375000000002
3 0.7125 0.2328125000000001 0.6671875 0.2328125000000001 0.6671875 0.27031250000000007 0.7125 0.27031250000000007
3 0.33281250000000007 0.428125 0.2828125000000001 0.428125 0.2828125000000001 0.4765625 0.33281250000000007 0.4765625
3 0.9359375 0.3671875000000001 0.834375 0.3671875000000001 0.834375 0.4109375000000002 0.9359375 0.4109375000000002
0 0.8390625 0.3109375000000001 0.7671875 0.3109375000000001 0.7671875 0.3375000000000001 0.8390625 0.3375000000000001
0 0.9984375 0.3000000000000001 0.93125 0.3000000000000001 0.93125 0.3312500000000001 0.9984375 0.3312500000000001
0 0.5171875 0.459375 0.478125 0.459375 0.478125 0.4765625 0.5171875 0.4765625
0 0.30156250000000007 0.4109375 0.2718750000000001 0.4109375 0.2718750000000001 0.4265625 0.30156250000000007 0.4265625
0 0.6 0.48125 0.5625 0.48125 0.5625 0.49375 0.6 0.49375
0 0.3656250000000001 0.4296875 0.3375000000000001 0.4296875 0.3375000000000001 0.4421875 0.3656250000000001 0.4421875
0 0.6625 0.2312500000000001 0.6265625 0.2312500000000001 0.6265625 0.2468750000000001 0.6625 0.2468750000000001
0 0.9984375 0.2984375000000001 0.7625 0.2984375000000001 0.7625 0.3390625000000001 0.9984375 0.3390625000000001
0 0.73125 0.2093750000000001 0.709375 0.2093750000000001 0.709375 0.2218750000000001 0.73125 0.2218750000000001
0 0.6015625 0.4578125 0.4765625 0.4578125 0.4765625 0.4953125 0.6015625 0.4953125
1 0.7484375 0.1437500000000001 0.609375 0.1437500000000001 0.609375 0.3421875000000001 0.7484375 0.3421875000000001
1 0.9984375 0.1906250000000001 0.7390625 0.1906250000000001 0.7390625 0.5125000000000002 0.9984375 0.5125000000000002
1 0.3734375000000001 0.37343750000000003 0.2093750000000001 0.3734375 0.2093750000000001 0.5125 0.3734375000000001 0.5125