2 0.3578125000000001 0.515625 0.22031250000000008 0.515625 0.22031250000000008 0.5578125 0.3578125000000001 0.5578125
2 0.6296875 0.5734375 0.5640625 0.5734375 0.5640625 0.5890625 0.6296875 0.5890625
2 0.83125 0.5765625000000002 0.78125 0.5765625000000002 0.78125 0.5921875000000002 0.83125 0.5921875000000002
3 0.3390625000000001 0.578125 0.2296875000000001 0.578125 0.2296875000000001 0.66875 0.3390625000000001 0.66875
3 0.6203125 0.5953125 0.5671875 0.5953125 0.5671875 0.6359375 0.6203125 0.6359375
3 0.821875 0.5953125000000001 0.78125 0.5953125000000001 0.78125 0.6250000000000002 0.821875 0.6250000000000002
0 0.40625 0.6578125 0.3265625000000001 0.6578125 0.3265625000000001 0.68125 0.40625 0.68125
0 0.65625 0.6265625 0.615625 0.6265625 0.615625 0.6390625 0.65625 0.6390625
0 0.21250000000000008 0.6578125 0.10468750000000009 0.6578125 0.10468750000000009 0.684375 0.21250000000000008 0.684375
0 0.8453125 0.6234375000000002 0.8109375 0.6234375000000002 0.8109375 0.6343750000000001 0.8453125 0.6343750000000001
0 0.778125 0.6140625000000002 0.7421875 0.6140625000000002 0.7421875 0.6265625000000001 0.778125 0.6265625000000001
0 0.409375 0.6546875 0.10312500000000009 0.6546875 0.10312500000000009 0.6859375 0.409375 0.6859375
0 0.5734375 0.6265625 0.5265625 0.6265625 0.5265625 0.6359375 0.5734375 0.6359375
0 0.846875 0.6156250000000002 0.740625 0.6156250000000002 0.740625 0.6343750000000001 0.846875 0.6343750000000001
1 0.4468750000000001 0.475 0.0031250000000000583 0.475 0.00312500000000008 0.83125 0.4468750000000002 0.83125
1 0.66875 0.55625 0.503125 0.55625 0.503125 0.6875 0.66875 0.6875
1 0.86875 0.5609375000000001 0.7234375 0.5609375 0.7234375 0.6625000000000001 0.86875 0.6625000000000002
0 0.65625 0.6265625 0.525 0.6265625 0.525 0.6390625 0.65625 0.6390625