2 0.7875 0.4625000000000001 0.659375 0.4625 0.659375 0.4953125000000001 0.7875 0.49531250000000016
2 0.415625 0.35156250000000006 0.31875 0.3515625 0.31875000000000003 0.384375 0.415625 0.3843750000000001
3 0.421875 0.25781250000000006 0.34375 0.2578125 0.34375 0.3375 0.421875 0.3375000000000001
3 0.76875 0.3593750000000001 0.665625 0.3593750000000001 0.665625 0.4437500000000001 0.76875 0.4437500000000002
0 0.8484375 0.3265625000000001 0.75625 0.3265625000000001 0.75625 0.3625000000000001 0.8484375 0.3625000000000001
0 0.3609375 0.2296875 0.2875 0.2296875 0.2875 0.2546875 0.3609375 0.2546875
0 0.671875 0.3421875000000001 0.6 0.3421875000000001 0.6 0.3687500000000001 0.671875 0.3687500000000001
0 0.4890625 0.2500000000000001 0.428125 0.2500000000000001 0.428125 0.2734375000000001 0.4890625 0.2734375000000001
0 0.4921875 0.22812500000000005 0.2859375 0.228125 0.2859375 0.275 0.4921875 0.2750000000000001
0 0.853125 0.32500000000000007 0.596875 0.32500000000000007 0.596875 0.3703125000000001 0.853125 0.3703125000000001
1 0.5078125 0.13750000000000004 0.215625 0.13750000000000004 0.21562500000000004 0.425 0.5078125 0.425
1 0.8828125 0.1859375000000001 0.5875 0.1859375000000001 0.5875 0.5531250000000001 0.8828125 0.5531250000000002