2 0.3265625000000001 0.490625 0.2515625000000001 0.490625 0.2515625000000001 0.521875 0.3265625000000001 0.521875
2 0.525 0.3859375000000001 0.4625 0.3859375000000001 0.4625 0.421875 0.525 0.421875
3 0.5171875 0.4328125 0.46875 0.4328125 0.46875 0.5125 0.5171875 0.5125
3 0.3187500000000001 0.5359375 0.2656250000000001 0.5359375 0.2656250000000001 0.6109375 0.3187500000000001 0.6109375
0 0.2687500000000001 0.609375 0.2250000000000001 0.609375 0.2250000000000001 0.6375 0.2687500000000001 0.6375
0 0.3593750000000001 0.6046875 0.3187500000000001 0.6046875 0.3187500000000001 0.63125 0.3593750000000001 0.63125
0 0.4703125 0.496875 0.4375 0.496875 0.4375 0.515625 0.4703125 0.515625
0 0.54375 0.4984375 0.5125 0.4984375 0.5125 0.5171875 0.54375 0.5171875
0 0.546875 0.4953125 0.4359375 0.4953125 0.4359375 0.5203125 0.546875 0.5203125
1 0.3734375000000001 0.4390625 0.2015625000000001 0.4390625 0.2015625000000001 0.75 0.3734375000000001 0.75
1 0.5625 0.3421875000000001 0.415625 0.3421875000000001 0.415625 0.5578125 0.5625 0.5578125
0 0.3578125000000001 0.6046875 0.2234375000000001 0.6046875 0.2234375000000001 0.6375 0.3578125000000001 0.6375