2 0.16718750000000004 0.28125 0.07968750000000005 0.28125 0.07968750000000005 0.325 0.16718750000000004 0.325
2 0.809375 0.2750000000000001 0.7265625 0.2750000000000001 0.7265625 0.3125000000000001 0.809375 0.3125000000000001
3 0.15781250000000002 0.1625 0.08906250000000002 0.1625 0.08906250000000002 0.25625 0.15781250000000005 0.25625
3 0.79375 0.19531250000000008 0.7375 0.19531250000000008 0.7375 0.2687500000000001 0.79375 0.2687500000000001
0 0.09218750000000002 0.115625 0.03281250000000001 0.115625 0.032812500000000015 0.15625 0.09218750000000002 0.15625
0 0.203125 0.1453125 0.153125 0.1453125 0.153125 0.17968750000000003 0.203125 0.17968750000000006
0 0.7359375 0.1843750000000001 0.6953125 0.1843750000000001 0.6953125 0.2093750000000001 0.7359375 0.2093750000000001
0 0.2046875 0.11250000000000002 0.031250000000000014 0.1125 0.031250000000000014 0.18125000000000002 0.2046875 0.18125000000000005
0 0.7921875 0.1687500000000001 0.7828125 0.1687500000000001 0.7828125 0.1843750000000001 0.7921875 0.1843750000000001
0 0.8109375 0.15625000000000008 0.7828125 0.15625000000000008 0.7828125 0.1859375000000001 0.8109375 0.1859375000000001
0 0.79375 0.16562500000000008 0.69375 0.16562500000000008 0.69375 0.21093750000000008 0.79375 0.21093750000000008
1 0.83125 0.0781250000000001 0.659375 0.07812500000000008 0.659375 0.3609375000000001 0.83125 0.3609375000000001
1 0.21406250000000004 0.010937500000000013 0.0046875000000000016 0.0109375 0.004687500000000024 0.384375 0.2140625000000001 0.384375