2 0.5375000000000001 0.659375 0.50625 0.659375 0.5062500000000001 0.7875 0.5375000000000002 0.7875
2 0.6484375 0.3187500000000001 0.6171875 0.3187500000000001 0.6171875 0.415625 0.6484375 0.415625
3 0.74375 0.3437500000000001 0.6640625 0.3437500000000001 0.6640625 0.4218750000000001 0.74375 0.42187500000000017
3 0.6421875000000001 0.665625 0.5578125 0.665625 0.5578125 0.76875 0.6421875000000001 0.76875
0 0.6750000000000002 0.75625 0.6390625000000002 0.75625 0.6390625000000002 0.8484375 0.6750000000000002 0.8484375
0 0.7703125 0.2890625000000001 0.7453125 0.2890625000000001 0.7453125 0.3609375000000001 0.7703125 0.3609375000000001
0 0.6578125 0.6 0.63125 0.6 0.63125 0.671875 0.6578125 0.671875
0 0.75 0.4281250000000002 0.728125 0.4281250000000002 0.728125 0.4890625000000002 0.75 0.4890625000000002
0 0.771875 0.28593750000000007 0.725 0.28593750000000007 0.725 0.4921875000000001 0.771875 0.49218750000000017
0 0.6765625000000001 0.596875 0.63125 0.596875 0.6312500000000001 0.853125 0.6765625000000002 0.853125
1 0.8625 0.2156250000000001 0.575 0.2156250000000001 0.575 0.5078125000000001 0.8625 0.5078125000000002
1 0.8140625 0.5875000000000001 0.4484375 0.5875 0.4484375000000001 0.8828125 0.8140625 0.8828125