2 0.7328125 0.31718750000000007 0.6578125 0.31718750000000007 0.6578125 0.3578125000000001 0.7328125 0.3578125000000001
2 0.4203125 0.4265625 0.2812500000000001 0.4265625 0.2812500000000001 0.5015625 0.4203125 0.5015625
3 0.39687500000000003 0.17656250000000004 0.2921875 0.17656250000000004 0.29218750000000004 0.37031250000000004 0.3968750000000001 0.3703125000000001
3 0.7296875 0.2140625000000001 0.671875 0.2140625000000001 0.671875 0.30156250000000007 0.7296875 0.30156250000000007
3 0.39687500000000003 0.2828125 0.2984375 0.2828125 0.2984375 0.37031250000000004 0.3968750000000001 0.3703125000000001
0 0.465625 0.16093750000000004 0.384375 0.16093750000000004 0.384375 0.21093750000000008 0.465625 0.21093750000000008
0 0.278125 0.16875000000000004 0.1859375 0.16875000000000004 0.18593750000000003 0.21875 0.278125 0.21875
0 0.675 0.19687500000000008 0.6296875 0.19687500000000008 0.6296875 0.22656250000000008 0.675 0.22656250000000008
0 0.4671875 0.15781250000000005 0.184375 0.15781250000000005 0.184375 0.22031250000000005 0.4671875 0.22031250000000008
0 0.7796875 0.1906250000000001 0.7375 0.1906250000000001 0.7375 0.2234375000000001 0.7796875 0.2234375000000001
1 0.5109375 0.00156250000000004 0.1390625 0.0015625000000000174 0.13906250000000003 0.5921875 0.5109375 0.5921875
1 0.7859375 0.14062500000000008 0.6078125 0.14062500000000008 0.6078125 0.4140625000000001 0.7859375 0.41406250000000017