2 0.32500000000000007 0.509375 0.24375000000000008 0.509375 0.24375000000000008 0.5328125 0.32500000000000007 0.5328125
2 0.8078125 0.5046875000000002 0.7671875 0.5046875000000002 0.7671875 0.5265625000000002 0.8078125 0.5265625000000002
3 0.31718750000000007 0.5421875 0.2578125000000001 0.5421875 0.2578125000000001 0.5875 0.31718750000000007 0.5875
3 0.809375 0.5296875000000002 0.76875 0.5296875000000002 0.76875 0.5640625000000001 0.809375 0.5640625000000001
0 0.2656250000000001 0.5875 0.2218750000000001 0.5875 0.2218750000000001 0.603125 0.2656250000000001 0.603125
0 0.7703125 0.5625000000000002 0.740625 0.5625000000000002 0.740625 0.5734375000000002 0.7703125 0.5734375000000002
0 0.8390625 0.5593750000000002 0.809375 0.5593750000000002 0.809375 0.5718750000000001 0.8390625 0.5718750000000001
0 0.3531250000000001 0.584375 0.3156250000000001 0.584375 0.3156250000000001 0.6 0.3531250000000001 0.6
0 0.3546875000000001 0.584375 0.21875000000000008 0.584375 0.21875000000000008 0.603125 0.3546875000000001 0.603125
0 0.8421875 0.5593750000000002 0.7390625 0.5593750000000002 0.7390625 0.5750000000000002 0.8421875 0.5750000000000002
1 0.3671875000000001 0.478125 0.19687500000000005 0.478125 0.19687500000000008 0.6734375 0.3671875000000001 0.6734375
1 0.8578125 0.4796875000000001 0.715625 0.4796875 0.715625 0.6171875000000001 0.8578125 0.6171875000000002