2 0.3062500000000001 0.3828125 0.21875000000000008 0.3828125 0.21875000000000008 0.428125 0.3062500000000001 0.428125
2 0.7578125 0.3984375000000001 0.6703125 0.3984375000000001 0.6703125 0.4250000000000001 0.7578125 0.42500000000000016
3 0.7453125 0.3375000000000001 0.6859375 0.3375000000000001 0.6859375 0.3781250000000001 0.7453125 0.3781250000000001
3 0.284375 0.26875 0.2203125 0.26875 0.2203125 0.359375 0.284375 0.359375
0 0.321875 0.228125 0.2703125 0.228125 0.2703125 0.25625 0.321875 0.25625
0 0.796875 0.2765625000000001 0.7484375 0.2765625000000001 0.7484375 0.3046875000000001 0.796875 0.3046875000000001
0 0.6984375 0.2750000000000001 0.65625 0.2750000000000001 0.65625 0.30156250000000007 0.6984375 0.30156250000000007
0 0.209375 0.25 0.15000000000000005 0.25 0.15000000000000005 0.275 0.209375 0.275
0 0.3234375 0.225 0.14843750000000006 0.225 0.14843750000000006 0.275 0.3234375 0.275
1 0.3609375 0.08593750000000003 0.1140625 0.08593750000000003 0.11406250000000002 0.4953125 0.3609375000000001 0.4953125
1 0.825 0.2312500000000001 0.63125 0.2312500000000001 0.63125 0.47343750000000007 0.825 0.4734375000000002
0 0.8015625 0.2687500000000001 0.65 0.2687500000000001 0.65 0.3078125000000001 0.8015625 0.3078125000000001