2 0.2984375000000001 0.6890625 0.2687500000000001 0.6890625 0.2687500000000001 0.7625 0.2984375000000001 0.7625
2 0.309375 0.10468750000000004 0.2515625 0.10468750000000004 0.2515625 0.18750000000000006 0.309375 0.18750000000000006
3 0.2562500000000001 0.7015625 0.1828125000000001 0.7015625 0.1828125000000001 0.753125 0.2562500000000001 0.753125
3 0.2375 0.10781250000000002 0.175 0.1078125 0.175 0.17343750000000002 0.2375 0.17343750000000005
0 0.1453125 0.04531250000000002 0.1078125 0.04531250000000001 0.1078125 0.103125 0.1453125 0.103125
0 0.15468750000000003 0.1640625 0.1234375 0.1640625 0.12343750000000002 0.2046875 0.15468750000000003 0.2046875
0 0.19531250000000008 0.6625 0.17343750000000008 0.6625 0.17343750000000008 0.7 0.19531250000000008 0.7
0 0.17968750000000008 0.7453125 0.1546875000000001 0.7453125 0.1546875000000001 0.771875 0.17968750000000008 0.771875
0 0.1984375000000001 0.6578125 0.1531250000000001 0.6578125 0.1531250000000001 0.7734375 0.1984375000000001 0.7734375
0 0.15625000000000003 0.04375000000000002 0.10625 0.04375000000000001 0.10625000000000002 0.20625 0.15625000000000006 0.20625
1 0.3437500000000001 0.628125 0.07031250000000007 0.628125 0.07031250000000008 0.8015625 0.3437500000000001 0.8015625
1 0.3671875 0.014062500000000023 0.007812500000000003 0.0140625 0.007812500000000014 0.21406250000000004 0.3671875 0.2140625000000001