1 0.8828125 0.3296875000000001 0.7328125 0.3296875000000001 0.7328125 0.4515625000000002 0.8828125 0.4515625000000002
2 0.4109375 0.059375000000000046 0.3453125 0.059375000000000046 0.3453125 0.07812500000000004 0.4109375 0.07812500000000004
2 0.35625 0.34375 0.309375 0.34375 0.309375 0.3609375 0.35625 0.3609375
2 0.9015625 0.1593750000000001 0.8390625 0.1593750000000001 0.8390625 0.17187500000000008 0.9015625 0.17187500000000008
2 0.1828125 0.08750000000000002 0.1015625 0.08750000000000002 0.1015625 0.10937500000000003 0.1828125 0.10937500000000004
2 0.6359375000000002 0.7421875 0.5796875000000001 0.7421875 0.5796875000000001 0.7578125 0.6359375000000002 0.7578125
2 0.7484375 0.5171875000000001 0.6671875 0.5171875 0.6671875 0.5328125000000001 0.7484375 0.5328125000000001
2 0.2515625000000001 0.5828125 0.17968750000000008 0.5828125 0.17968750000000008 0.6 0.2515625000000001 0.6
2 0.703125 0.17343750000000008 0.628125 0.17343750000000008 0.628125 0.1921875000000001 0.703125 0.1921875000000001
2 0.5984375 0.3421875000000001 0.5453125 0.3421875000000001 0.5453125 0.36406250000000007 0.5984375 0.36406250000000007
2 0.934375 0.5359375000000002 0.865625 0.5359375000000002 0.865625 0.5531250000000002 0.934375 0.5531250000000002
2 0.4234375 0.5828125 0.3609375000000001 0.5828125 0.3609375000000001 0.596875 0.4234375 0.596875
2 0.14531250000000004 0.35 0.08906250000000004 0.35 0.08906250000000004 0.365625 0.14531250000000004 0.365625
2 0.1750000000000001 0.7609375 0.11875000000000009 0.7609375 0.11875000000000009 0.7765625 0.1750000000000001 0.7765625
2 0.3312500000000001 0.765625 0.2906250000000001 0.765625 0.2906250000000001 0.78125 0.3312500000000001 0.78125
2 0.83125 0.3546875000000001 0.78125 0.3546875000000001 0.78125 0.37187500000000007 0.83125 0.37187500000000007
2 0.8453125 0.7453125000000002 0.7921875000000002 0.7453125000000002 0.7921875000000002 0.7609375000000002 0.8453125 0.7609375000000002
3 0.4109375 0.6046875 0.36406250000000007 0.6046875 0.36406250000000007 0.6390625 0.4109375 0.6390625
3 0.7421875 0.5421875 0.6859375 0.5421875 0.6859375 0.5843750000000001 0.7421875 0.5843750000000002
3 0.9171875 0.5609375000000002 0.8671875 0.5609375000000002 0.8671875 0.5984375000000002 0.9171875 0.5984375000000002
3 0.6390625000000002 0.7640625 0.6015625000000002 0.7640625 0.6015625000000002 0.7984375 0.6390625000000002 0.7984375
3 0.4046875 0.08593750000000004 0.3515625 0.08593750000000004 0.3515625 0.12656250000000005 0.4046875 0.12656250000000005
3 0.17187500000000008 0.7859375 0.1281250000000001 0.7859375 0.1281250000000001 0.8234375 0.17187500000000008 0.8234375
3 0.3203125000000001 0.784375 0.28593750000000007 0.784375 0.28593750000000007 0.8140625 0.3203125000000001 0.8140625
3 0.3421875000000001 0.3671875 0.3078125000000001 0.3671875 0.3078125000000001 0.4015625 0.3421875000000001 0.4015625
3 0.2500000000000001 0.6078125 0.2000000000000001 0.6078125 0.2000000000000001 0.6484375 0.2500000000000001 0.6484375
3 0.703125 0.1984375000000001 0.653125 0.1984375000000001 0.653125 0.24218750000000008 0.703125 0.24218750000000008
3 0.184375 0.11718750000000003 0.128125 0.1171875 0.128125 0.16406250000000003 0.184375 0.16406250000000006
3 0.8953125 0.1828125000000001 0.8484375 0.1828125000000001 0.8484375 0.2171875000000001 0.8953125 0.2171875000000001
3 0.828125 0.7640625000000002 0.7906250000000001 0.7640625000000002 0.7906250000000001 0.7953125000000002 0.828125 0.7953125000000002
3 0.14687500000000003 0.3734375 0.10937500000000004 0.3734375 0.10937500000000004 0.4046875 0.14687500000000003 0.4046875
3 0.615625 0.3625000000000001 0.575 0.3625000000000001 0.575 0.4 0.615625 0.4
0 0.8625 0.5921875000000002 0.828125 0.5921875000000002 0.828125 0.6046875000000002 0.8625 0.6046875000000002
0 0.221875 0.15625000000000006 0.184375 0.15625000000000006 0.184375 0.16875000000000004 0.221875 0.16875000000000004
0 0.7859375000000002 0.7843750000000002 0.7578125000000002 0.7843750000000002 0.7578125000000002 0.7968750000000002 0.7859375000000002 0.7968750000000002
0 0.440625 0.6375 0.40625 0.6375 0.40625 0.65 0.440625 0.65
0 0.9453125 0.5968750000000002 0.9078125 0.5968750000000002 0.9078125 0.6093750000000002 0.9453125 0.6093750000000002
0 0.36406250000000007 0.634375 0.3296875000000001 0.634375 0.3296875000000001 0.646875 0.36406250000000007 0.646875
0 0.3546875 0.12343750000000005 0.3203125 0.12343750000000005 0.3203125 0.13750000000000004 0.3546875 0.13750000000000004
0 0.6859375 0.5828125 0.6421875 0.5828125 0.6421875 0.5953125 0.6859375 0.5953125
0 0.440625 0.12031250000000004 0.4 0.12031250000000004 0.4 0.13437500000000005 0.440625 0.13437500000000005
0 0.6796875000000002 0.784375 0.6484375000000002 0.784375 0.6484375000000002 0.796875 0.6796875000000002 0.796875
0 0.134375 0.1640625 0.08750000000000002 0.1640625 0.08750000000000002 0.1796875 0.134375 0.1796875
0 0.85 0.21250000000000008 0.815625 0.21250000000000008 0.815625 0.2250000000000001 0.85 0.2250000000000001
0 0.65625 0.2406250000000001 0.6125 0.2406250000000001 0.6125 0.2531250000000001 0.65625 0.2531250000000001
0 0.8515625 0.7953125000000002 0.8203125 0.7953125000000002 0.8203125 0.8078125 0.8515625 0.8078125
0 0.9234375 0.21250000000000008 0.8921875 0.21250000000000008 0.8921875 0.2250000000000001 0.9234375 0.2250000000000001
0 0.18593750000000003 0.39375 0.15468750000000003 0.39375 0.15468750000000003 0.4046875 0.18593750000000003 0.4046875
0 0.3703125000000001 0.4 0.3421875000000001 0.4 0.3421875000000001 0.4109375 0.3703125000000001 0.4109375
0 0.7390625 0.2312500000000001 0.7015625 0.2312500000000001 0.7015625 0.24375000000000008 0.7390625 0.24375000000000008
0 0.775 0.5812500000000002 0.734375 0.5812500000000002 0.734375 0.5937500000000002 0.775 0.5937500000000002
0 0.1281250000000001 0.81875 0.09375000000000011 0.81875 0.09375000000000011 0.83125 0.1281250000000001 0.83125
0 0.2843750000000001 0.803125 0.2593750000000001 0.803125 0.2593750000000001 0.815625 0.2843750000000001 0.815625
0 0.3421875000000001 0.8171875 0.3140625000000001 0.8171875 0.3140625000000001 0.828125 0.3421875000000001 0.828125
0 0.5921875 0.4046875 0.5609375 0.4046875 0.5609375 0.4203125 0.5921875 0.4203125
0 0.20312500000000008 0.815625 0.17187500000000008 0.815625 0.17187500000000008 0.825 0.20312500000000008 0.825
0 0.65625 0.3765625000000001 0.628125 0.3765625000000001 0.628125 0.3921875000000001 0.65625 0.3921875000000001
0 0.30937500000000007 0.390625 0.2843750000000001 0.390625 0.2843750000000001 0.403125 0.30937500000000007 0.403125
0 0.27812500000000007 0.6421875 0.24375000000000008 0.6421875 0.24375000000000008 0.653125 0.27812500000000007 0.653125
0 0.6062500000000002 0.8 0.5750000000000002 0.8 0.5750000000000002 0.8125 0.6062500000000002 0.8125
0 0.2000000000000001 0.646875 0.1625000000000001 0.646875 0.1625000000000001 0.659375 0.2000000000000001 0.659375
0 0.11406250000000004 0.40625 0.08281250000000004 0.40625 0.08281250000000004 0.41875 0.11406250000000004 0.41875
0 0.828125 0.4000000000000002 0.796875 0.4000000000000002 0.796875 0.4125000000000002 0.828125 0.4125000000000002
0 0.7421875 0.2328125000000001 0.6078125 0.2328125000000001 0.6078125 0.25468750000000007 0.7421875 0.25468750000000007
0 0.7796875 0.58125 0.6390625 0.58125 0.6390625 0.596875 0.7796875 0.5968750000000002
0 0.225 0.15468750000000003 0.08125000000000002 0.1546875 0.08125000000000002 0.18125000000000002 0.225 0.18125000000000005
0 0.8546875 0.7843750000000002 0.7546875000000002 0.7843750000000002 0.7546875000000002 0.809375 0.8546875 0.809375
0 0.9265625 0.21093750000000008 0.8140625 0.21093750000000008 0.8140625 0.22656250000000008 0.9265625 0.22656250000000008
0 0.7703125 0.37968750000000007 0.7421875 0.37968750000000007 0.7421875 0.3921875000000001 0.7703125 0.3921875000000001
0 0.4421875 0.12031250000000004 0.3171875 0.12031250000000004 0.3171875 0.13906250000000003 0.4421875 0.13906250000000003
0 0.2828125000000001 0.6421875 0.1515625000000001 0.6421875 0.1515625000000001 0.6609375 0.2828125000000001 0.6609375
0 0.20468750000000008 0.815625 0.09218750000000009 0.815625 0.0921875000000001 0.83125 0.20468750000000008 0.83125
0 0.828125 0.37968750000000007 0.740625 0.37968750000000007 0.740625 0.41406250000000017 0.828125 0.41406250000000017
1 0.2250000000000001 0.7375 0.05625000000000009 0.7375 0.0562500000000001 0.875 0.2250000000000001 0.875
1 0.79375 0.4875000000000001 0.596875 0.4875 0.596875 0.6500000000000001 0.79375 0.6500000000000001
1 0.2390625 0.06093750000000001 0.0546875 0.0609375 0.054687500000000014 0.2328125 0.2390625 0.2328125
1 0.7515625 0.15000000000000008 0.5546875 0.15000000000000008 0.5546875 0.3031250000000001 0.7515625 0.3031250000000001
1 0.2890625000000001 0.553125 0.09531250000000006 0.553125 0.09531250000000008 0.709375 0.2890625000000001 0.709375
1 0.8953125 0.7281250000000001 0.7515625000000001 0.7281250000000001 0.7515625000000001 0.8515625 0.8953125 0.8515625
1 0.68125 0.3187500000000001 0.521875 0.3187500000000001 0.521875 0.453125 0.68125 0.453125
1 0.4796875 0.5578125 0.31718750000000007 0.5578125 0.31718750000000007 0.7015625 0.4796875 0.7015625
1 0.46875 0.03281250000000004 0.303125 0.032812500000000036 0.303125 0.19531250000000006 0.46875 0.19531250000000006
1 0.20156250000000003 0.321875 0.051562500000000046 0.321875 0.051562500000000046 0.453125 0.2015625000000001 0.453125
1 0.9546875 0.5140625000000002 0.8109375 0.5140625000000002 0.8109375 0.6656250000000001 0.9546875 0.6656250000000001
1 0.403125 0.321875 0.278125 0.321875 0.27812500000000007 0.453125 0.403125 0.453125
1 0.3984375000000001 0.7453125 0.2515625000000001 0.7453125 0.2515625000000001 0.8703125 0.3984375000000001 0.8703125
1 0.6984375 0.7125 0.5234375 0.7125 0.5234375000000001 0.853125 0.6984375000000002 0.853125
1 0.9421875 0.14687500000000012 0.7890625 0.1468750000000001 0.7890625 0.27812500000000007 0.9421875 0.27812500000000007
0 0.6812500000000001 0.7828125 0.5750000000000002 0.7828125 0.5750000000000002 0.8109375 0.6812500000000001 0.8109375
0 0.3421875000000001 0.8015625 0.2578125000000001 0.8015625 0.2578125000000001 0.8265625 0.3421875000000001 0.8265625
0 0.440625 0.634375 0.3312500000000001 0.634375 0.3312500000000001 0.6515625 0.440625 0.6515625
0 0.94375 0.5937500000000002 0.828125 0.5937500000000002 0.828125 0.6093750000000002 0.94375 0.6093750000000002
0 0.6546875 0.3765625000000001 0.5609375 0.3765625000000001 0.5609375 0.41875 0.6546875 0.41875
0 0.37187500000000007 0.39062500000000006 0.2843750000000001 0.390625 0.2843750000000001 0.4125 0.37187500000000007 0.4125
0 0.18593750000000003 0.39375 0.08437500000000005 0.39375 0.08437500000000005 0.41875 0.18593750000000003 0.41875