1 0.6609375 0.19218750000000004 0.17656250000000004 0.1921875 0.17656250000000004 0.4671875 0.6609375 0.4671875
2 0.590625 0.3281250000000001 0.525 0.3281250000000001 0.525 0.3890625000000001 0.590625 0.3890625000000001
2 0.6687500000000002 0.85625 0.6500000000000001 0.85625 0.6500000000000001 0.9125 0.6687500000000002 0.9125
3 0.4921875 0.3390625000000001 0.3640625 0.3390625000000001 0.36406250000000007 0.4046875 0.4921875 0.4046875
3 0.6390625000000002 0.8515625 0.5765625000000002 0.8515625 0.5765625000000002 0.896875 0.6390625000000002 0.896875
0 0.365625 0.29218750000000004 0.3234375 0.2921875 0.3234375 0.3453125 0.365625 0.3453125000000001
0 0.4078125 0.40625 0.37187500000000007 0.40625 0.37187500000000007 0.4484375 0.4078125 0.4484375
0 0.409375 0.290625 0.321875 0.290625 0.321875 0.45 0.409375 0.45
0 0.5859375000000002 0.81875 0.5625000000000002 0.81875 0.5625000000000002 0.8515625 0.5859375000000002 0.8515625
0 0.5812500000000002 0.8953125 0.5562500000000001 0.8953125 0.5562500000000001 0.9328125 0.5812500000000002 0.9328125
0 0.5859375000000002 0.815625 0.5546875000000002 0.815625 0.5546875000000002 0.934375 0.5859375000000002 0.934375
1 0.7000000000000002 0.8015625 0.4781250000000002 0.8015625 0.4781250000000002 0.9484375 0.7000000000000002 0.9484375