2 0.6765625000000002 0.834375 0.6421875000000001 0.834375 0.6421875000000001 0.9234375 0.6765625000000002 0.9234375
2 0.734375 0.20468750000000008 0.7 0.20468750000000008 0.7 0.2640625000000001 0.734375 0.2640625000000001
3 0.7796875000000002 0.8453125 0.6953125000000002 0.8453125 0.6953125000000002 0.909375 0.7796875000000002 0.909375
3 0.8203125 0.2171875000000001 0.7484375 0.2171875000000001 0.7484375 0.2640625000000001 0.8203125 0.2640625000000001
0 0.7921875000000002 0.8015625 0.7609375000000002 0.8015625 0.7609375000000002 0.8484375 0.7921875000000002 0.8484375
0 0.821875 0.903125 0.7859375000000002 0.903125 0.7859375000000002 0.953125 0.821875 0.953125
0 0.8546875 0.1906250000000001 0.8265625 0.1906250000000001 0.8265625 0.22812500000000008 0.8546875 0.22812500000000008
0 0.821875 0.2687500000000001 0.796875 0.2687500000000001 0.796875 0.3000000000000001 0.821875 0.3000000000000001
0 0.825 0.8 0.7593750000000001 0.8 0.7593750000000001 0.95625 0.825 0.95625
0 0.8578125 0.18906250000000008 0.7953125 0.18906250000000008 0.7953125 0.3046875000000001 0.8578125 0.3046875000000001
1 0.9203125 0.15468750000000012 0.6578125 0.1546875000000001 0.6578125 0.3218750000000001 0.9203125 0.3218750000000001
1 0.934375 0.7875000000000001 0.5843750000000002 0.7875 0.5843750000000002 0.98125 0.934375 0.98125