2 0.61875 0.4125 0.5453125 0.4125 0.5453125 0.4390625 0.61875 0.4390625
2 0.3421875 0.09531250000000005 0.3 0.09531250000000005 0.3 0.10937500000000004 0.3421875 0.10937500000000004
3 0.621875 0.3500000000000001 0.5609375 0.3500000000000001 0.5609375 0.40625 0.621875 0.40625
3 0.340625 0.06250000000000004 0.3 0.06250000000000004 0.3 0.09062500000000004 0.340625 0.09062500000000004
0 0.5796875 0.3312500000000001 0.5390625 0.3312500000000001 0.5390625 0.3515625000000001 0.5796875 0.3515625000000001
0 0.678125 0.3500000000000001 0.6328125 0.3500000000000001 0.6328125 0.3687500000000001 0.678125 0.3687500000000001
0 0.3609375 0.05625000000000004 0.3375 0.05625000000000004 0.3375 0.07031250000000004 0.3609375 0.07031250000000004
0 0.6796875 0.3312500000000001 0.5359375 0.3312500000000001 0.5359375 0.3703125000000001 0.6796875 0.3703125000000001
0 0.3125 0.057812500000000044 0.2890625 0.057812500000000044 0.2890625 0.07031250000000004 0.3125 0.07031250000000004
0 0.3609375 0.05468750000000004 0.2859375 0.05468750000000004 0.2859375 0.07031250000000004 0.3609375 0.07031250000000004
1 0.7 0.2671875000000001 0.5125 0.2671875000000001 0.5125 0.4703125 0.7 0.4703125
1 0.3828125 0.02968750000000004 0.2734375 0.029687500000000033 0.2734375 0.13906250000000003 0.3828125 0.13906250000000003