2 0.6093750000000001 0.703125 0.54375 0.703125 0.5437500000000001 0.7921875 0.6093750000000002 0.7921875
2 0.54375 0.425 0.5203125 0.425 0.5203125 0.4734375 0.54375 0.4734375
3 0.6843750000000001 0.7046875 0.628125 0.7046875 0.628125 0.7703125 0.6843750000000002 0.7703125
3 0.7375 0.7031250000000001 0.628125 0.703125 0.628125 0.7703125000000001 0.7375000000000002 0.7703125000000002
3 0.6 0.4328125 0.553125 0.4328125 0.553125 0.4671875 0.6 0.4671875
0 0.73125 0.6453125000000001 0.69375 0.6453125 0.69375 0.6984375 0.73125 0.6984375000000002
0 0.7671875000000001 0.7640625000000002 0.7312500000000002 0.7640625000000002 0.7312500000000002 0.8203125 0.7671875000000001 0.8203125
0 0.6140625 0.4640625 0.5953125 0.4640625 0.5953125 0.4921875 0.6140625 0.4921875
0 0.7703125000000001 0.64375 0.6921875 0.64375 0.6921875000000001 0.821875 0.7703125000000002 0.821875
0 0.6140625 0.40625 0.5953125 0.40625 0.5953125 0.43125 0.6140625 0.43125
0 0.61875 0.4046875 0.59375 0.4046875 0.59375 0.4921875 0.61875 0.4921875
1 0.8953125 0.6203125 0.478125 0.6203125 0.4781250000000001 0.871875 0.8953125 0.871875
1 0.65 0.39531250000000007 0.48125 0.39531250000000007 0.48125 0.5046875 0.65 0.5046875