2 0.8203125 0.5218750000000002 0.7609375 0.5218750000000002 0.7609375 0.5390625000000002 0.8203125 0.5390625000000002
2 0.3687500000000001 0.4796875 0.2953125000000001 0.4796875 0.2953125000000001 0.5046875 0.3687500000000001 0.5046875
3 0.3609375000000001 0.4296875 0.3046875000000001 0.4296875 0.3046875000000001 0.471875 0.3609375000000001 0.471875
3 0.81875 0.47187500000000016 0.7734375 0.47187500000000016 0.7734375 0.5156250000000002 0.81875 0.5156250000000002
0 0.7765625 0.4656250000000002 0.75 0.4656250000000002 0.75 0.4781250000000002 0.7765625 0.4781250000000002
0 0.39531250000000007 0.41875 0.3578125000000001 0.41875 0.3578125000000001 0.4328125 0.39531250000000007 0.4328125
0 0.8453125 0.4671875000000002 0.815625 0.4671875000000002 0.815625 0.47968750000000016 0.8453125 0.47968750000000016
0 0.3109375000000001 0.41875 0.27031250000000007 0.41875 0.27031250000000007 0.4328125 0.3109375000000001 0.4328125
0 0.3968750000000001 0.415625 0.2671875000000001 0.415625 0.2671875000000001 0.434375 0.3968750000000001 0.434375
0 0.8484375 0.46406250000000016 0.7484375 0.46406250000000016 0.7484375 0.47968750000000016 0.8484375 0.47968750000000016
1 0.4171875 0.35468750000000004 0.2546875 0.3546875 0.25468750000000007 0.5328125 0.4171875 0.5328125
1 0.8625 0.41875000000000007 0.7140625 0.41875 0.7140625 0.5609375000000001 0.8625 0.5609375000000002