2 0.34843750000000007 0.6546875 0.2906250000000001 0.6546875 0.2906250000000001 0.7390625 0.34843750000000007 0.7390625
2 0.4140625 0.18593750000000003 0.3609375 0.18593750000000003 0.3609375 0.27187500000000003 0.4140625 0.2718750000000001
3 0.2765625000000001 0.6578125 0.18906250000000008 0.6578125 0.18906250000000008 0.7125 0.2765625000000001 0.7125
3 0.3453125 0.19218750000000004 0.2578125 0.19218750000000004 0.2578125 0.2609375 0.3453125 0.2609375
0 0.2546875 0.15000000000000005 0.2203125 0.15000000000000005 0.2203125 0.19062500000000004 0.2546875 0.19062500000000004
0 0.2578125 0.2515625 0.2265625 0.2515625 0.2265625 0.296875 0.2578125 0.296875
0 0.1828125000000001 0.7109375 0.1515625000000001 0.7109375 0.1515625000000001 0.7578125 0.1828125000000001 0.7578125
0 0.20468750000000008 0.6203125 0.17968750000000008 0.6203125 0.17968750000000008 0.6578125 0.20468750000000008 0.6578125
0 0.2062500000000001 0.61875 0.15000000000000008 0.61875 0.15000000000000008 0.759375 0.2062500000000001 0.759375
0 0.2609375 0.14843750000000006 0.2171875 0.14843750000000006 0.2171875 0.2984375 0.2609375 0.2984375
1 0.4046875000000001 0.603125 0.039062500000000076 0.603125 0.03906250000000009 0.8296875 0.4046875000000002 0.8296875
1 0.48125 0.10625000000000002 0.08750000000000002 0.10625 0.08750000000000004 0.31875000000000003 0.48125 0.3187500000000001