2 0.596875 0.17968750000000008 0.5625 0.17968750000000008 0.5625 0.2515625000000001 0.596875 0.2515625000000001
2 0.5796875 0.5984375 0.5296875 0.5984375 0.5296875 0.7 0.5796875 0.7
3 0.6875 0.596875 0.590625 0.596875 0.590625 0.665625 0.6875 0.665625
3 0.696875 0.19687500000000008 0.6140625 0.19687500000000008 0.6140625 0.2484375000000001 0.696875 0.2484375000000001
0 0.6984375 0.5359375 0.6671875 0.5359375 0.6671875 0.5890625 0.6984375 0.5890625
0 0.7234375 0.1515625000000001 0.6984375 0.1515625000000001 0.6984375 0.1984375000000001 0.7234375 0.1984375000000001
0 0.721875 0.64375 0.690625 0.64375 0.690625 0.70625 0.721875 0.70625
0 0.7046875 0.2484375000000001 0.6796875 0.2484375000000001 0.6796875 0.2921875000000001 0.7046875 0.2921875000000001
0 0.725 0.534375 0.665625 0.534375 0.665625 0.7078125 0.725 0.7078125
1 0.865625 0.5140625000000001 0.459375 0.5140625 0.4593750000000001 0.7609375 0.865625 0.7609375000000002
1 0.8265625 0.10937500000000007 0.5109375 0.10937500000000004 0.5109375 0.30937500000000007 0.8265625 0.30937500000000007
1 0.8578125 0.953125 0.6734375000000001 0.953125 0.6734375000000001 1 0.8578125 1
0 0.7234375 0.1468750000000001 0.6796875 0.1468750000000001 0.6796875 0.2968750000000001 0.7234375 0.2968750000000001